pupu-00.csv0
0
0.82166594
2.607545
0.98894686
1.0422742
0.883907
0.88365024
0.74554163
0.73407525
0.72746915
0.67648095
0.7567744
0.78728616
0.7957527
0.82330185
0.7568186
0.7761245
0.7355524
0.7648571
0.66664445
0.5849099
0.48690206
0.6884914
0.74232143
0.700912
0.7500184
0.7754635
0.9377886
0.8208296
1.3296694
2.4422095
0.8846901
0.7457315
0.79466826
0.8321417
0.7799006
0.7991535
0.76213694
0.7823288
0.88075477
0.6084245
0.669541
0.931135
0.6599566
0.7598033
0.8232933
0.77855146
0.97961026
0.91036767
1.5574996
0.94666797
0.67703825
0.5570828
0.62812006
0.8911921
1.1951625
1.7770295
3.6036377
0.9339737
0.73963857
0.99401975
1.2497216
0.61987793
0.66325337
0.9634977
0.81926036
0.9149905
1.4061542
1.4364102
0.7756957
1.0928099
0.7763958
0.6328095
0.74299985
0.6212049
0.6579593
0.75430167
0.76082337
0.81411177
0.6482595
0.8027606
0.72889936
0.6540085
0.47848383
0.6344651
0.6374693
1.0635629
1.113682
0.81903046
0.725304
0.8698119
0.7949231
0.7771256
0.81451136
0.8073798
0.8204252
0.7866634
0.8173255
0.82421476
0.93403393
0.9296541
1.0899025
0.79799455
0.747054
0.9077854
0.6699679
0.8164179
1.9637461
0.9980126
2.2315202
0.88723946
0.90301704
0.75867885
0.7370855
0.7102666
0.73201805
0.750795
0.8158461
1.0966564
1.0611815
0.86450243
1.0194259
0.7970951
0.8401534
0.73730576
0.9458095
0.8033899
0.7392415
1.3590524
0.80713123
0.9130445
0.78190446
0.9116925
0.926222
0.94010556
0.72168
0.8900885
0.9920634
0.971326
1.0032439
0.8729141
1.03999
0.9038201
0.80859023
0.7541826
0.78072244
0.791496
0.79746276
0.91651446
0.8177017
0.95374835
1.0024707
0.87529135
0.8545789
0.9027821
0.84262383
0.9616915
1.1100719
0.9159573
0.8603357
0.89469326
0.89901453
0.9129045
0.9777119
0.8898112
0.9622996
0.96531856
1.1805553
0.9676604
0.9802711
0.9425823
0.8575523
0.9925269
0.65950286
0.715584
1.0180994
0.6985339
0.7366832
0.9908253
0.90235955
0.97397
0.7408571
0.7742738
0.86371934
0.8800185
0.8106075
0.78900564
0.8097007
0.77887946
0.71237063
0.7656328
0.7708916
0.7110244
0.68246514
0.6607564
0.727558
0.7123051
0.7879964
0.7090669
0.7179408
1.0209098
0.8169461
0.9560262
0.84630704
0.9021052
0.80202466
0.83668935
0.9955887
0.9986296
0.85348594
0.82676405
0.905833
0.84518534
0.50986886
0.6218152
0.69169474
0.732646
0.7011434
0.6826175
0.7873914
0.87162495
0.8619038
0.7760913
0.8903412
0.87061393
1.2503252
1.2991006
0.9884678
0.8768623
0.93296903
0.91859615
0.7723741
0.78221893
0.65480256
0.73719394
0.90999657
0.7661458
0.8351233
0.92671007
0.78706276
0.7442051
0.8946579
0.7632351
0.7373598
0.81838113
0.7787305
0.83603877
1.1138221
0.93988997
0.9814558
0.6960091
0.85370463
0.6458717
0.6669194
0.72977114
1.0840714
0.8045758
0.72763276
0.7046135
0.8884534
0.7025878
0.6479709
0.7543793
0.79333806
0.77681273
0.73294413
0.6636488
0.8361094
0.84859294
0.81396633
0.8811565
0.76588094
0.7233725
0.7755939
0.8500054
0.71215916
0.80910486
0.65353596
0.8169653
0.81929827
0.86681336
0.74596024
0.6812996
0.6442317
0.7275019
0.73138636
0.7225272
0.75420684
0.77801245
0.7008083
0.74396175
0.82401603
0.7755831
1.0230463
0.8519639
0.81376886
0.775587
0.7751005
0.72371787
0.69611835
0.70946574
0.7308455
0.7153503
0.75035405
0.6795267
0.6718854
0.78605783
0.7831021
0.7625452
0.78359747
0.75655365
0.815918
0.667842
0.7791902
0.8178693
0.6921243
0.74274355
0.783288
0.77234167
0.6088018
0.6958441
0.86969477
0.6932029
0.75752574
0.8384357
0.81425667
1.02582
0.77697974
0.83097506
0.80651605
0.8793065
0.78475714
0.88939136
0.8577729
0.77318364
0.78667164
0.7828599
0.82799375
0.62744534
0.664111
0.6695913
0.9085295
0.8204563
0.8191109
0.8630393
0.8965557
0.84130424
0.83496106
1.0169293
0.87050945
1.0364246
0.9285747
0.8740215
1.0056098
0.9296054
0.8880426
0.887103
0.93351793
0.52055895
0.6425752
0.67819977
0.6770693
0.7191009
0.65956753
0.7765659
0.9664014
0.99316853
0.95243144
0.9297827
0.82074744
0.86126685
0.8094846
0.8881454
0.82909626
0.7226019
0.73411226
0.7033557
0.65998983
0.64878714
0.49365503
0.5951214
0.6277315
0.70196795
0.68390423
0.78218067
0.7743397
0.7069581
0.7389185
0.7414043
0.8182284
0.7378843
0.7868052
0.87784827
0.8663658
0.7900194
0.8505968
0.85665053
0.83391964
0.8218263
0.64731705
0.71686816
0.7521106
0.7486188
0.6710876
0.7730143
0.86107194
1.0161563
1.0977515
1.0231143
0.9901424
0.8377407
0.910194
0.7493667
0.8537123
0.94661045
0.7954057
0.6923507
0.86399287
0.75184697
0.7659051
0.5827377
0.6525015
0.7106889
0.68104726
0.77632624
0.69313365
0.7778749
0.80088145
0.847487
0.8113576
0.8345742
0.8345445
0.81565213
0.8055557
0.827289
0.87691796
0.9326266
1.0565141
0.8882365
0.9421871
0.90354216
0.7191734
0.7181763
0.6304172
0.726974
0.6267141
0.7933752
0.6858458
0.7047863
0.65105903
0.7576169
0.70398223
0.748786
0.7475576
0.6911594
0.72835183
0.6815082
0.8248947
0.7883035
0.7967497
0.8012645
0.75211656
0.69993746
0.5899934
0.6610335
0.6344269
0.74443716
0.8405002
0.8257271
0.6995303
0.7517253
0.74219346
0.7663756
0.77816236
0.7606299
0.6417477
0.7158752
0.6759582
0.73762995
0.7479157
0.7217046
0.7376205
0.76660126
0.6072201
0.88208795
0.7711545
0.7222076
0.8913565
0.91028875
0.84462243
0.95563847
1.0174934
0.89880073
0.92402685
0.8578392
0.84289396
0.9756182
1.0946792
1.1810088
0.98223865
0.9531738
0.7862979
0.8770465
0.82316846
0.9020993
0.8347654
0.940677
0.8157154
0.77595013
0.8079196
0.8411504
0.80347383
0.70684916
0.7644353
0.75253046
0.803557
0.7797108
0.828538
0.77517
0.8316885
0.8875653
0.8218734
0.65934145
0.74515855
0.80378425
0.8161598
0.8555134
0.8438322
0.7918071
0.7949115
0.90059143
0.8947572
0.9353489
0.8793924
0.94069487
0.94125247
0.98399335
1.0351771
0.9520776
1.0844736
1.0992402
0.98417234
0.76596814
0.77010083
0.79922736
0.7499454
0.74712753
0.6398346
0.87616783
0.71800226
0.7735426
0.7544814
0.6726791
0.76810586
0.780328
0.78141934
0.8574832
0.81501865
0.85379595
0.81857306
0.77888596
0.7773911
0.7850158
0.8143462
0.8498421
0.7137332
0.76218927
0.6425146
0.94021493
0.7596988
0.76181555
0.8431718
0.80467874
0.90196764
0.69710326
0.8144082
0.7781114
0.80355746
0.7849263
0.70628446
0.8125334
0.79843825
0.73329085
0.8031439
0.72179765
0.70968443
0.84934324
0.80625486
0.8393011
0.7682962
0.77954227
0.70130664
0.8074422
0.8146768
0.82743055
0.77218336
0.9149138
0.8350158
0.95037967
0.7813546
0.8579512
0.8147538
0.85846776
0.7363675
0.6700021
0.75343573
0.7683406
0.71831506
0.818083
0.6550133
0.7477618
0.9381504
0.85518134
0.9074403
0.9632012
0.84509796
0.9533794
0.9246841
0.9520322
0.9688636
1.0030811
0.98036575
1.0486679
0.93492913
0.61654884
0.6289656
0.72978985
0.79727703
0.79461265
0.705797
0.8053539
0.85717946
0.76435804
0.8586814
1.1015071
0.79716593
0.78460854
0.8184577
0.70662314
0.7549765
0.710301
0.8206247
0.7223385
0.7988666
0.77110225
0.7637147
0.645841
0.6951486
0.81143785
0.72558147
0.8023197
0.71972525
0.84340304
0.7832316
0.7974539
0.88640225
0.6865516
0.79189575
0.7509225
0.6877231
0.68005335
0.7121796
0.69097245
0.6703808
0.66979253
0.5868478
0.55726093
0.6157232
0.7001377
0.6647928
0.5703531
0.5870123
0.7157012
0.65228075
0.7335677
0.72228336
0.82645535
0.7081954
0.76435727
0.69927645
0.70662063
0.7274193
0.69454074
0.69828963
0.7397782
0.59611344
0.7505837
0.78408855
0.8762471
0.7834169
0.722197
0.869484
0.7791542
0.787842
0.8358597
0.82778364
0.73539376
0.8108918
0.92319065
0.97558784
0.92664087
0.8613196
0.8954578
0.8458298
0.795496
0.9065855
0.8959428
0.7291575
0.7607796
0.81365865
0.80244553
0.77938306
0.8533851
0.79366666
0.8313436
0.8948593
0.8314089
0.84916747
0.8072415
0.8864742
0.87993896
0.8239957
0.64768124
0.77625567
0.75156975
0.723702
0.7542737
0.73971784
0.7460679
0.7609254
0.73880666
0.83216196
0.73419344
0.7224697
0.73574615
0.8120012
0.7566677
0.78087217
0.6221985
0.6825274
0.69801205
0.6786932
0.81905437
0.7293483
0.66344196
0.54875547
0.66535366
0.53278756
0.5567242
0.57748497
0.64123106
0.63997936
0.6873924
0.6938437
0.6605851
0.67648274
0.6618938
0.7675029
0.7117066
0.62950313
0.57085466
0.6297639
0.7208076
0.6380942
0.6815309
0.71249163
0.80871344
0.9639796
0.96092093
0.949569
1.162223
0.9718791
0.92515135
1.0545473
1.078159
0.9579212
1.029787
0.99995
1.0553514
0.82697535
0.818794
0.7217987
0.90344346
0.8534506
0.7984581
0.84760815
0.7275577
0.90725243
0.8114657
0.8394249
0.9700429
0.9102225
0.7737668
0.7917958
0.83937114
0.8055205
0.795116
0.7638931
0.74092144
0.8040595
0.53089863
0.5581846
0.55855995
0.670512
0.5944282
0.6628007
0.83658224
0.73170245
0.8676582
0.7524135
0.7342853
0.7741937
0.8627398
0.7495388
0.7934438
0.7813176
0.75837916
0.7032551
0.7763669
0.77014685
0.8247099
0.7052336
0.75444114
0.67442507
0.68483365
0.80389184
0.7916098
0.7327644
0.6274499
0.8526937
0.77868295
0.7954055
0.810144
0.860734
0.7705515
0.86410624
0.8598997
0.82879025
0.854751
0.8381215
0.7712115
0.80020803
0.69188887
0.64728093
0.7166987
0.70555246
0.67924654
0.7320125
0.67584854
0.730344
0.64407116
0.78549296
0.79197043
0.7637307
0.8774554
0.7698287
0.7698937
0.72636425
0.74891764
0.79823816
0.8194727
0.79577374
0.77534163
0.58438945
0.69250154
0.77064383
0.64508283
0.76234686
0.68549657
0.62441045
0.7634696
0.91017693
0.83122504
0.696663
0.69533074
0.6703805
0.7516558
0.7824589
0.7767678
0.7188526
0.72072923
0.72808933
0.7048567
0.6270115
0.5613434
0.69544375
0.72973734
0.66752946
0.70583487
0.8101041
0.8967948
0.78734684
0.7694444
0.8799862
0.87897843
0.79066736
0.8402374
0.7787634
0.83794713
0.65549266
0.7918593
0.7843523
0.7125273
0.80574435
0.75586224
0.8368163
0.90016377
1.0013235
0.82809746
0.83133996
0.8262958
0.8040863
0.7492225
0.7539199
0.7928757
0.77289873
0.76720715
0.83999836
0.79232746
0.8055274
0.5528242
0.6815552
0.8760166
0.8394881
0.8619036
0.829346
0.8314094
0.7551778
0.79684263
0.91423
0.8450769
0.8201354
0.75690365
0.7626565
0.7571438
0.79398423
0.78474265
0.7172597
0.75774235
0.70944935
0.70139587
0.65401304
0.7326026
0.76569504
0.7543667
0.8230219
0.7743437
0.82333237
0.76278293
0.87676406
0.73055905
0.66364664
0.84436166
0.8980033
0.7153748
0.8944594
0.6701406
0.7505241
0.59703726
0.6725781
0.52574867
0.6111131
0.7779711
0.61847353
0.6411021
0.5906889
0.67860633
0.56404793
0.5950199
0.66746765
0.70891255
0.66998804
0.5969911
0.7529504
0.80795765
0.59370875
0.5410534
0.5755213
0.6288024
0.36384124
0.47688267
0.49725965
0.64821607
0.5112595
0.5670198
0.5152236
0.45341417
0.64009553
0.76262647
0.6632075
0.48388243
0.54103744
0.7350739
0.7345792
0.5132338
0.74238485
0.20977747
0.33627144
0.2774912
0
0
0.82166594
2.607545
0.98894686
1.0422742
0.883907
0.88365024
0.74554163
0.73407525
0.72746915
0.67648095
0.7567744
0.78728616
0.7957527
0.82330185
0.7568186
0.7761245
0.7355524
0.7648571
0.66664445
0.6726204
0.50278854
0.7660999
0.82124686
0.7442859
0.7652341
0.80353695
0.95522845
0.82036203
1.3373317
2.4561126
0.9133121
0.75386083
0.8254401
0.8709003
0.8525832
0.8628383
0.8037445
0.8377634
0.931804
0.6084245
0.6238045
0.8880016
0.6271104
0.7175028
0.82853603
0.75676256
0.96432215
0.90646696
1.5371072
0.91506207
0.63294387
0.59318614
0.6936228
0.87154555
1.1763213
1.782208
3.6054513
0.9145183
0.71683913
0.9848409
1.2477915
0.6660151
0.6941511
1.0424147
0.9093269
1.0071646
1.4497782
1.4469647
0.8185394
1.113874
0.78115284
0.6587953
0.77760476
0.5953358
0.64139766
0.69866174
0.7652223
0.79039985
0.63743985
0.7732938
0.7130045
0.6487671
0.4968897
0.6217046
0.6917884
1.0987167
1.1337624
0.82814467
0.74087244
0.88274926
0.79444486
0.71392965
0.79842603
0.7520897
0.7808764
0.75506604
0.7714172
0.77611923
0.9225598
0.9272446
1.0931679
0.94158167
0.9186115
1.0456847
0.82467127
0.987637
2.0181859
1.107203
2.2884905
1.0005745
0.99429834
0.87714523
0.8505153
0.85469794
0.88792527
0.9000457
0.9159972
1.1468203
0.98070455
0.8097836
0.95015067
0.7511684
0.8401987
0.7163302
0.940455
0.76932675
0.72687054
1.3244642
0.804381
0.9286355
0.807779
0.8994145
0.92757016
0.95729756
0.9082966
0.9902112
1.1141291
1.0045127
1.0365355
0.896102
1.0942405
0.8896841
0.756823
0.7190592
0.7869879
0.71811384
0.7602538
0.82576853
0.6938454
0.8852639
0.9102385
0.7602527
0.745378
0.8152568
0.73710716
0.87958467
1.0265121
0.7876614
0.7671435
0.79544985
0.82734907
0.8288067
0.8567659
0.55391693
0.7641357
0.8034955
1.0730605
0.8156897
0.8336609
0.77954674
0.72395384
0.8278232
0.7317699
0.7806237
1.0132537
0.6722839
0.71449435
1.0062834
0.8496975
0.9231327
0.67321056
0.7407387
0.85943115
0.8751563
0.7790226
0.757679
0.8016197
0.7783862
0.770603
0.80513966
0.796234
0.73080814
0.7459442
0.69008964
0.75274867
0.73884135
0.8013874
0.71662015
0.76156324
1.0654738
0.6603942
0.8591781
0.74801266
0.8407263
0.7723769
0.80872244
0.9516785
0.98080015
0.8498746
0.8505675
0.9213222
0.8822269
0.7294342
0.783404
0.8128953
0.84936786
0.7718686
0.7347159
0.6151684
0.698171
0.699593
0.61844784
0.76577044
0.7378882
1.1700878
1.2334906
0.9318748
0.8191052
0.83934295
0.84192425
0.6756781
0.6633159
0.727816
0.774681
0.952609
0.7502246
0.7635146
0.85450697
0.7264597
0.51802033
0.7714585
0.6522905
0.68083525
0.7582106
0.7192708
0.82614577
1.0374309
0.9206394
0.99558634
0.7122671
0.8759106
0.86502504
0.8147128
0.92291504
1.2780362
0.883975
0.7717785
0.82417345
0.9249498
0.62479466
0.6141051
0.76014066
0.78621703
0.7900198
0.76126826
0.69560134
0.84481585
0.8559865
0.8409617
0.8903292
0.81225735
0.78147554
0.86511296
0.8712849
0.7552969
0.89607286
0.7305443
0.8737148
0.85849464
0.88026935
0.7401047
0.68721974
0.6793593
0.7321106
0.72754014
0.71382546
0.7502601
0.7744149
0.7254181
0.7720146
0.81565225
0.78534824
1.0104699
0.856428
0.82839924
0.7702742
0.7933777
0.9061233
0.8953459
0.8109871
0.84266204
0.5748682
0.61799127
0.5737572
0.5736155
0.71424425
0.71799237
0.6915164
0.75416
0.66952205
0.75309
0.64261717
0.7803011
0.7973371
0.6987677
0.7357024
0.7433922
0.728772
0.73228604
0.7505295
0.9054949
0.7362455
0.59422606
0.6413415
0.64983106
0.78455424
0.6484597
0.7063405
0.7182215
0.78596365
0.7431733
0.8221794
0.822793
0.7224969
0.7422618
0.7331948
0.77682054
0.71259594
0.70907825
0.69570667
0.929267
0.8384369
0.68021387
0.7909507
0.7871796
0.7582414
0.75105286
0.9412896
0.8474159
1.0071156
0.9316684
0.88489425
1.0103135
0.9327253
0.8974533
0.87957805
0.9259792
0.9162465
1.0300932
0.92517084
0.8886686
0.973927
0.8978893
0.7874335
0.94320375
0.94287807
0.95700854
0.95055455
0.84515655
0.89312804
0.8767504
0.93436134
0.87597466
0.8131617
0.807779
0.797136
0.7779593
0.7699968
0.76337504
0.76868135
0.7638394
0.85217047
0.84203887
0.8914206
0.8574698
0.79203296
0.81403303
0.80733955
0.89361185
0.8098615
0.83566093
0.92382425
0.90701675
0.81183827
0.8831362
0.90640897
0.84689504
0.87804323
0.58296454
0.6836571
0.7178719
0.6762397
0.6528147
0.7517823
0.83282524
0.99293095
1.0620692
0.9902243
0.94556093
0.7988423
0.859098
0.6797607
0.8152972
0.9114165
0.7103823
0.6419262
0.8267932
0.6983101
0.70677906
0.55131084
0.59083277
0.6796383
0.62860906
0.7434295
0.6634448
0.7336806
0.7617231
0.8248102
0.7702129
0.80177206
0.7935306
0.8240897
0.79578704
0.79453737
0.88306713
0.9120152
1.0622487
0.9062158
0.9592384
0.9018876
0.7203874
0.7212205
0.6068155
0.7226857
0.57384527
0.7784192
0.65914327
0.70500094
0.64063
0.72680557
0.68397456
0.77920693
0.74183387
0.6949276
0.7347165
0.67567515
0.8164729
0.7820163
0.8087403
0.8088604
0.782875
0.7452427
0.5440736
0.61246324
0.59434694
0.7131241
0.84109265
0.7982133
0.66052073
0.7083116
0.7207364
0.71311563
0.726735
0.73388803
0.65751755
0.7025978
0.67693114
0.7220764
0.7640959
0.7289229
0.74748796
0.7789949
0.52892065
0.8458476
0.71002996
0.68373084
0.85071737
0.85912967
0.8120913
0.9185347
1.018425
0.84108126
0.8997968
0.8305758
0.7893859
0.9657949
1.0806015
1.1720896
0.95718163
0.96753293
0.75486386
0.86053133
0.81665075
0.8779352
0.8082056
0.93238324
0.8265351
0.75679827
0.76309407
0.84645295
0.77537555
0.69373155
0.7319257
0.7409689
0.7887012
0.75233626
0.816344
0.7845377
0.81185406
0.868236
0.7896108
0.7103896
0.7375039
0.79789746
0.80426764
0.8308522
0.84409493
0.8166417
0.7834839
0.90646654
0.8872751
0.9157769
0.8594695
0.94117415
0.95691043
0.9687307
1.0118703
0.96013856
1.0958545
1.0841752
0.977175
0.8080552
0.8176293
0.8433649
0.79006374
0.7643595
0.69788134
0.9121571
0.72985154
0.7862135
0.7704588
0.7043613
0.78893507
0.78508776
0.8013826
0.85217184
0.83080983
0.8834652
0.8104611
0.7887272
0.78840935
0.7879671
0.8121405
0.8663485
0.7521967
0.78634185
0.67187357
0.94751155
0.79833597
0.795571
0.84598505
0.82579565
0.9093151
0.682344
0.8298231
0.819091
0.77585214
0.7862804
0.7305173
0.80544883
0.80780834
0.7062765
0.8204828
0.7398573
0.71502614
0.8461246
0.80852425
0.833386
0.7846407
0.784419
0.74096733
0.8041577
0.82920426
0.85771155
0.81051594
0.9070828
0.83762586
0.93710953
0.8040534
0.8614621
0.852585
0.851132
0.63899547
0.60248435
0.68834275
0.72614837
0.6625891
0.7584155
0.5806223
0.7278277
0.93300384
0.8725528
0.8789061
0.933719
0.8415077
0.94157934
0.899449
0.93781656
0.93726856
1.0196918
0.9673078
1.0527052
0.93129724
0.63313645
0.6391481
0.787412
0.81004924
0.83193576
0.70007515
0.80926293
0.8524199
0.75973
0.8487314
1.0980681
0.78038555
0.7912747
0.8140409
0.74082947
0.7190802
0.71521306
0.80936503
0.6946757
0.7666909
0.72836787
0.86536616
0.74924093
0.82293594
0.9104522
0.7884838
0.8823974
0.80169
0.9140791
0.8732384
0.8565685
0.9444083
0.7690339
0.90504813
0.8453476
0.78912586
0.78072965
0.80869144
0.62898546
0.670031
0.6873092
0.742445
0.67312956
0.7073225
0.7718475
0.7409871
0.6981222
0.65674984
0.799408
0.73087114
0.79039615
0.814104
0.8891848
0.79289675
0.82272726
0.7875964
0.7952848
0.815824
0.7859789
0.5351132
0.6748056
0.6180339
0.74889106
0.78631514
0.89336175
0.78327686
0.72078323
0.89618677
0.8045716
0.8041903
0.8584174
0.83684176
0.73851514
0.8171343
0.94004977
0.97350425
0.9411838
0.868358
0.9095948
0.8546578
0.75986004
0.8814769
0.8660117
0.66918826
0.733376
0.77414846
0.7676726
0.74528986
0.8513918
0.78364056
0.83827424
0.9226826
0.8506238
0.8580661
0.8158904
0.8944942
0.87482506
0.8197646
0.8452328
0.8851766
0.8398518
0.80625224
0.83511984
0.81690747
0.60522884
0.67067516
0.63296074
0.7069765
0.6766725
0.6861332
0.70212615
0.7803062
0.72743857
0.7812655
0.685629
0.686382
0.73218715
0.6982028
0.7881336
0.9292969
0.75944376
0.70986086
0.76524884
0.6581187
0.73503244
0.60207033
0.70241565
0.66741455
0.7183234
0.731218
0.6963151
0.7470872
0.71065295
0.8084826
0.7621905
0.6760534
0.76141536
0.7290346
0.8382469
0.73249495
0.75120294
0.73087126
0.8220013
0.97004473
0.9009439
0.8944709
1.089845
0.9333194
0.896008
1.0125779
1.0418415
0.94601643
0.99330854
1.02335
1.0704731
1.1778023
1.0290415
0.8692022
1.1039428
0.9804827
0.9130064
0.71857715
0.66437066
0.91235584
0.8082734
0.85725814
0.9721875
0.9027216
0.8286888
0.8184727
0.8821939
0.87301433
0.8684181
0.81839377
0.80731416
0.8558043
0.8215622
0.85439634
0.8843426
0.93927646
0.81581336
0.6307091
0.86526453
0.76002824
0.8883429
0.77658814
0.8220101
0.82022053
0.89912605
0.79216343
0.8615416
0.84649074
0.80522525
0.7675105
0.8412643
0.8435675
0.88572824
0.8453799
0.9076375
0.7632111
0.7613192
0.6227315
0.5933142
0.61460054
0.56749296
0.7439296
0.69621617
0.71632224
0.72955495
0.7782873
0.68371844
0.79267824
0.77863663
0.7538659
0.77951527
0.74935275
0.68340874
0.7150407
0.78413284
0.7070773
0.76603305
0.71139127
0.5358704
0.6373441
0.58126336
0.613309
0.56120193
0.70864975
0.7422339
0.6834619
0.8325499
0.7409315
0.7617372
0.69261116
0.6895305
0.76873374
0.8217292
0.7323543
0.730006
0.6954282
0.771157
0.82724476
0.7280564
0.8099171
0.65515715
0.6159907
0.79403627
0.9582492
0.84878993
0.7204592
0.722025
0.6306742
0.74901724
0.7936497
0.7702364
0.7103896
0.73836607
0.7008958
0.69427794
0.63256276
0.6171094
0.7210768
0.7530725
0.64754957
0.6744364
0.7817721
0.854697
0.7915076
0.74722844
0.9022043
0.90914583
0.79591894
0.8246131
0.8140826
0.8636119
0.71593386
0.80779743
0.8094283
0.79689527
0.8943408
0.65340906
0.74691474
0.9112144
0.9846448
0.84754467
0.8050988
0.80517524
0.77793247
0.71608543
0.7609814
0.79439956
0.76818997
0.771413
0.8553706
0.79557735
0.8250415
0.817321
0.85608727
1.1414562
0.7064211
0.79552543
0.77760553
0.76766425
0.7234246
0.7919107
0.9298866
0.8210023
0.80635643
0.7593819
0.7291986
0.7449419
0.7814361
0.7715764
0.70475423
0.79035646
1.0171995
0.94944775
0.71819127
0.8125
0.79659677
0.789035
0.8470704
0.7056349
0.78572166
0.74969363
0.8561466
0.7276194
0.66541404
0.795604
0.8630974
0.7079592
0.8454978
0.6470713
0.7128112
0.57021064
0.64665407
0.6878142
0.7433341
0.91945195
0.6264116
0.7044337
0.64018446
0.633951
0.5425441
0.6113092
0.6891364
0.7361987
0.6833701
0.60281646
0.7801523
0.795324
0.6115576
0.5741257
0.6078225
0.65926754
0.5365652
0.5736277
0.5377179
0.6530684
0.46933064
0.5284616
0.51776415
0.42436823
0.62179583
0.7847495
0.70479596
0.5458025
0.60218734
0.80105364
0.80298233
0.5893602
0.78598315
0.34430972
0.36450335
0.3620211
0
0
0.82166594
2.607545
0.98894686
1.0422742
0.883907
0.88365024
0.74554163
0.73407525
0.72746915
0.67648095
0.7567744
0.78728616
0.7957527
0.82330185
0.7568186
0.7761245
0.7355524
0.7648571
0.66664445
0.6726204
0.50278854
0.7660999
0.82124686
0.7442859
0.7652341
0.80353695
0.95522845
0.82036203
1.3345386
2.4561126
0.9112714
0.7532785
0.8118504
0.8533153
0.8752242
0.8617193
0.80184484
0.83590686
0.92546344
0.6736629
0.68520063
0.9519331
0.647791
0.74540776
0.82783693
0.71776843
0.9501846
0.8787873
1.517248
0.89896804
0.62782407
0.5819643
0.69864076
0.918058
1.2067857
1.776122
3.6098511
0.918996
0.7450378
0.9953605
1.2867084
0.74080724
0.7281546
1.0396032
0.91227734
1.0231018
1.4586314
1.4491155
0.82149166
1.1287873
0.8032967
0.67008775
0.7882095
0.6835384
0.7055293
0.7690336
0.8957489
0.82413936
0.7473992
0.84664595
0.757795
0.6781355
0.497737
0.6262245
0.6772141
1.0972229
1.1362119
0.83948845
0.7450935
0.86529994
0.7981411
0.70558494
0.77272296
0.76775134
0.79384315
0.77485174
0.79672897
0.79863113
0.94192064
0.92911327
1.1078098
0.86672735
0.8260172
0.9673879
0.6975966
0.84629744
1.9590617
1.010242
2.221987
0.89961016
0.88411003
0.8002245
0.7384142
0.74947363
0.7677054
0.7889531
0.8518132
1.1079031
0.96842295
0.82553136
0.9710858
0.7544161
0.82332814
0.73214185
0.94522303
0.7811073
0.749371
1.3399855
0.817537
0.9407016
0.79619443
0.9016608
0.92221504
0.94748133
0.9058292
0.9922788
1.0833987
1.003817
1.0467261
0.89624035
1.0813891
0.86947924
0.70079494
0.6846608
0.7292119
0.6868479
0.6930449
0.7989226
0.7155187
0.8704146
0.89734536
0.7455906
0.76840097
0.83467156
0.7473579
0.88729256
1.0303972
0.79187006
0.7202247
0.78432304
0.7882524
0.7661833
0.85306877
0.7569526
0.6273359
0.71659636
0.92136544
0.72792953
0.782215
0.723259
0.7034106
0.7805983
0.7464364
0.7599433
0.9532555
0.67116994
0.68751365
0.9228963
0.8392329
0.9253719
0.7321676
0.79645705
0.8785075
0.6661042
0.65746236
0.6678027
0.7036267
0.66387945
0.63481253
0.6958952
0.7112132
0.6903534
0.65964574
0.67485255
0.69620335
0.7164686
0.75766695
0.74220735
0.72946334
1.0372857
0.8367755
0.9837093
0.85531604
0.8928366
0.69471794
0.795101
0.9788893
1.0182568
0.89372075
0.8308145
0.95292276
0.8598878
0.70381886
0.7669902
0.8059766
0.8261807
0.780224
0.7449806
0.8474066
0.8520456
0.8272672
0.7678215
0.84834015
0.68309665
1.0317562
1.0607057
0.87714446
0.75213325
0.8044908
0.78010386
0.6981435
0.7122846
0.7717397
0.797286
0.9507867
0.81649464
0.8412745
0.90434325
0.81535745
0.74837387
0.8743071
0.76241547
0.74704707
0.8295081
0.8038521
0.87147194
1.0542277
0.9153553
0.9498651
0.7210614
0.8428408
0.8328906
0.8377137
0.9144731
1.223211
0.8870663
0.8003196
0.8110348
0.9096657
0.75552034
0.5033179
0.6337019
0.7202681
0.7347326
0.7171039
0.69711244
0.8377878
0.87974477
0.8105841
0.8663842
0.7612983
0.7521087
0.774394
0.8373654
0.6791753
0.78936076
0.6536816
0.8164187
0.78455365
0.84659374
0.7525527
0.6802052
0.6377297
0.7404983
0.7491588
0.7079165
0.7407436
0.7434456
0.67979604
0.7454374
0.81631494
0.7801099
1.0290265
0.8601953
0.8144758
0.7886555
0.78127354
0.7198935
0.70105857
0.69711655
0.7378195
0.74027973
0.72951007
0.679242
0.69034946
0.78805476
0.78153867
0.76077724
0.80994934
0.7390207
0.7939176
0.68307745
0.81166303
0.8377455
0.71772987
0.7699515
0.8090103
0.80468637
0.6339913
0.73119104
0.898333
0.72270983
0.7986048
0.8491933
0.8170895
1.0233511
0.7592945
0.8483665
0.80800784
0.9073656
0.8206445
0.9075381
0.83748406
0.7292232
0.73861235
0.7427186
0.82431686
0.59860015
0.6182987
0.6434897
0.90174097
0.8147812
0.8109378
0.84709007
0.9015605
0.8374138
0.83472437
1.0138836
0.89081734
1.0615721
0.940784
0.88712424
1.0223253
0.94178766
0.9024081
0.89051026
0.9314876
0.5360528
0.6285471
0.68843925
0.6510899
0.73929155
0.72311133
0.77011794
0.9584402
0.9859727
0.95543915
0.93878895
0.84134805
0.8745415
0.84306264
0.87485945
0.81901497
0.7706695
0.71912307
0.71484196
0.7199611
0.7173048
0.4786428
0.58375853
0.5999038
0.71824414
0.71546394
0.7943078
0.8020317
0.70934373
0.7604699
0.7666508
0.80447966
0.7493869
0.78892434
0.87732965
0.87522596
0.8068235
0.8333842
0.85792804
0.82519096
0.8366255
0.65730435
0.7039277
0.749285
0.7513422
0.6552739
0.7535626
0.83601105
0.9924528
1.0464357
0.99418086
0.9601596
0.80687076
0.86777884
0.63832
0.80745274
0.89543074
0.7168468
0.6599934
0.81703466
0.7169701
0.7198258
0.64810866
0.5784189
0.6648923
0.6484589
0.7207348
0.6468998
0.70284206
0.75918823
0.7657292
0.76882195
0.75822365
0.7594122
0.74516904
0.72860837
0.75798565
0.80039793
0.8514153
0.9726942
0.82753766
0.85645944
0.79743
0.69327384
0.6753028
0.5843825
0.72383004
0.5966405
0.7542546
0.6328333
0.66594267
0.6273839
0.7252318
0.7016495
0.7641163
0.73402166
0.68635905
0.7012511
0.6765197
0.8092947
0.7847507
0.7988467
0.7901614
0.75837374
0.73415184
0.5842222
0.6703418
0.64278036
0.74519277
0.84405875
0.80472046
0.70187026
0.7448971
0.7211152
0.7410975
0.7739587
0.7317485
0.62342906
0.7031527
0.6531473
0.7484842
0.74921495
0.74006873
0.73848796
0.81024736
0.57860696
0.8686978
0.74604595
0.7377212
0.8914658
0.9024388
0.8506466
0.96234876
1.0169543
0.8851257
0.93372047
0.83116037
0.82750607
0.9870722
1.103015
1.1705856
0.98821115
0.9788149
0.78057146
0.88271403
0.8084888
0.8704836
0.7894877
0.9072247
0.82428
0.7447974
0.8020373
0.8441309
0.7799513
0.7187872
0.7646313
0.74593663
0.80357105
0.7756652
0.82929355
0.77989244
0.8321107
0.8660876
0.79774123
0.8291373
0.6451877
0.729991
0.7730867
0.8027192
0.81949896
0.7377652
0.6465121
0.8670096
0.8346317
0.8714763
0.82578945
0.86790735
0.8815555
0.89042634
0.9453202
0.8680359
1.005399
1.0143174
0.9074152
0.94216406
0.6748947
0.7239444
0.6834602
0.70313007
0.63264817
0.80634785
0.6528245
0.7252596
0.71429735
0.62057924
0.7381528
0.78872776
0.79007757
0.8735575
0.8065261
0.845703
0.75882417
0.76451105
0.77006537
0.7485983
0.8194351
0.8355663
0.7247225
0.7767035
0.67361885
0.96114814
0.79286444
0.7945365
0.8463565
0.8218696
0.90315515
0.6823715
0.8247607
0.7877092
0.7713846
0.76805437
0.70207644
0.8014586
0.80296534
0.69780976
0.7974471
0.7194739
0.7261031
0.84600365
0.8184013
0.7929282
0.7325082
0.804082
0.7329742
0.7815828
0.8101902
0.8291333
0.76687264
0.9030381
0.83381826
0.9331138
0.8059648
0.86041856
0.8345992
0.8624641
0.68054163
0.61261874
0.70607346
0.7326739
0.70218563
0.79099756
0.6570521
0.767467
0.93397266
0.8888818
0.89728665
0.93948555
0.8421455
0.95906323
0.8837154
0.9385894
0.9492416
1.0007738
0.97444075
1.0798072
0.9281083
0.66072774
0.680177
0.74924463
0.81047934
0.8173623
0.71578574
0.81846404
0.85537285
0.75609934
0.8580994
1.1165116
0.7982669
0.7870694
0.8188237
0.72753066
0.7630756
0.7104874
0.7979354
0.7508772
0.77310026
0.7884516
0.7619162
0.680122
0.7376208
0.84570706
0.7404447
0.8092118
0.75589746
0.85204786
0.80557144
0.8111967
0.90191287
0.71854955
0.8360426
0.7482572
0.7400489
0.7188501
0.7686471
0.7208256
0.69873804
0.680491
0.603466
0.58800274
0.6065531
0.705985
0.60966676
0.57214564
0.5487498
0.7166703
0.63387597
0.67518044
0.7020206
0.7999557
0.70612186
0.7595499
0.6985683
0.70193094
0.72463936
0.70534694
0.6733177
0.7218376
0.55761695
0.70466936
0.7275072
0.8332698
0.71474487
0.7127333
0.83314323
0.735941
0.7610782
0.79244065
0.79432726
0.6906049
0.74712235
0.87406963
0.9266144
0.8746556
0.80570245
0.8604363
0.8978834
0.67039275
0.7553009
0.7806138
0.64085275
0.7081822
0.724307
0.71632016
0.6688432
0.7819561
0.71029586
0.7707105
0.8245612
0.7880864
0.8248842
0.7951145
0.85686356
0.8256625
0.7807458
0.8040272
0.8474803
0.82147646
0.7960982
0.824444
0.78666353
0.6182707
0.62879026
0.67426485
0.7352789
0.689261
0.6855595
0.74945617
0.8020646
0.7416007
0.7781602
0.68115467
0.6960645
0.7455445
0.7038625
0.8036676
0.9594339
0.7562902
0.701913
0.80981135
0.6833429
0.6309458
0.6874278
0.71290034
0.6821124
0.7098485
0.7101408
0.68902594
0.76408154
0.6972615
0.8148125
0.7742318
0.65367234
0.76235884
0.75925916
0.8499021
0.716299
0.75918764
0.7606815
0.82913136
0.98560876
0.8679394
0.8757035
1.0587462
0.8941107
0.87487864
0.98776597
1.0244387
0.94193625
1.0011946
1.0022352
1.0333095
1.1662036
1.0243756
0.8581264
1.0645678
0.9559139
0.8913
0.71801835
0.67991763
0.8919965
0.8029809
0.8292274
0.95630825
0.9051674
0.81406635
0.83082527
0.8803169
0.8804357
0.8643199
0.8301056
0.7877641
0.869214
0.8279795
0.83200365
0.87982965
0.9119784
0.8025119
0.6338003
0.8806336
0.7541718
0.8886455
0.8021849
0.8072855
0.7912551
0.8837774
0.75937146
0.80394894
0.8244099
0.7615157
0.7575043
0.7884707
0.807907
0.8714318
0.815936
0.88028747
0.76638156
0.72793907
0.6678815
0.6265559
0.591494
0.51573634
0.7479482
0.63905746
0.71907604
0.68365383
0.7348047
0.6437426
0.7796491
0.7262802
0.72960275
0.7944634
0.7564444
0.65981174
0.65949744
0.75134426
0.67254096
0.74188834
0.7309759
0.5570351
0.6960548
0.6374163
0.7062021
0.623716
0.7431198
0.7626734
0.7520595
0.8690424
0.7531701
0.8152478
0.7403535
0.7394733
0.7904492
0.8237326
0.7817623
0.75153846
0.7452211
0.83350635
0.8763428
0.62339544
0.7257357
0.70532984
0.686538
0.8245196
0.9454278
0.8539461
0.7749359
0.72099006
0.70139843
0.77772486
0.81967145
0.8180682
0.73532087
0.74913657
0.73798984
0.7549663
0.6732903
0.6564339
0.73954666
0.7783298
0.5970286
0.6023254
0.7324805
0.8155876
0.7174568
0.7214463
0.8624817
0.8627653
0.7579743
0.8063102
0.746352
0.8515853
0.6673639
0.778318
0.77751887
0.7384565
0.8507476
0.725502
0.81728506
0.9185681
0.86662567
0.7584659
0.73554015
0.770146
0.72948515
0.6924991
0.7142178
0.764079
0.73669565
0.7554741
0.83866364
0.74151164
0.8056761
0.76885486
0.79820997
1.1054037
0.90001184
0.7525065
0.77345145
0.7105972
0.65967613
0.7049841
0.85327595
0.78022146
0.7761217
0.73715574
0.7319212
0.74006677
0.7507719
0.7432967
0.64901394
0.7157838
0.9550243
0.88666725
0.6871956
0.75361913
0.7642589
0.7191685
0.80860776
0.6224282
0.7150205
0.63960487
0.78764606
0.6625925
0.6146104
0.7339525
0.81539553
0.6655988
0.78167486
0.59971106
0.68789554
0.54139894
0.61586136
0.64596397
0.7210455
0.8899537
0.6344703
0.66441995
0.61899805
0.6339198
0.4586098
0.4863722
0.63756377
0.6184203
0.6328215
0.5231535
0.699013
0.7369804
0.52602786
0.4836029
0.5343629
0.5474054
0.4282082
0.47773266
0.4635765
0.5955814
0.39620596
0.4592443
0.45157015
0.339448
0.5493575
0.7365593
0.62597084
0.45310578
0.54033595
0.72358507
0.74332404
0.52021587
0.69608396
0.25367585
0.26092285
0.24616456
0
0
0.82166594
2.607545
0.98894686
1.0422742
0.883907
0.88365024
0.74554163
0.73407525
0.72746915
0.67648095
0.7567744
0.78728616
0.7957527
0.82330185
0.7568186
0.7761245
0.7355524
0.7648571
0.66664445
0.6726204
0.50278854
0.7660999
0.82124686
0.7442859
0.7652341
0.80353695
0.95522845
0.82036203
1.3345386
2.4561126
0.9112714
0.7532785
0.8118504
0.8533153
0.8752242
0.8617193
0.80184484
0.83590686
0.92546344
0.71040285
0.72722024
0.9581596
0.7291416
0.75358975
0.91482544
0.7848629
0.9785356
0.92821616
1.5588726
0.93987733
0.6352942
0.5763805
0.68170685
0.908965
1.226254
1.773706
3.6077576
0.96574444
0.69138765
0.95839
1.2632033
0.72044617
0.7036682
1.0319531
0.86888736
0.97097045
1.4282895
1.4188157
0.77673
1.0793145
0.75789255
0.63704264
0.6688145
0.601776
0.62746507
0.7168923
0.80888754
0.77567315
0.69215333
0.79689074
0.71746165
0.7432032
0.5811418
0.6963119
0.61541986
1.0619371
1.1169091
0.83076715
0.75771314
0.8966374
0.81950307
0.7302891
0.819384
0.795108
0.8118817
0.7536027
0.7851824
0.80242604
0.9518808
0.9375303
1.101574
0.85417855
0.7986039
0.91657144
0.7092866
0.86878115
1.9627573
0.99734086
2.2370734
0.90526396
0.8872626
0.79140025
0.7570957
0.739838
0.76405215
0.7804742
0.83174026
1.0890453
0.94472605
0.7795634
0.9555997
0.7391186
0.81431085
0.7162297
0.94729173
0.7594987
0.72119147
1.3192766
0.7906557
0.92938703
0.7975473
0.90694445
0.91303
0.9431691
0.89774346
0.9720949
1.0843096
0.97343516
1.0042653
0.86863583
1.0475028
0.86497396
0.7043183
0.6508847
0.74742824
0.6921802
0.6916392
0.7825263
0.681493
0.83049494
0.8849578
0.7387429
0.7340266
0.81805736
0.7281425
0.8807233
0.98479426
0.77673674
0.73437047
0.7657824
0.7801631
0.75890046
0.85331297
0.75809073
0.6492836
0.7485963
0.9744002
0.77666503
0.81542426
0.739973
0.74720097
0.77653337
0.7818871
0.7708257
0.9779313
0.6693671
0.72719437
0.9599357
0.85764015
0.95794284
0.74363613
0.83198893
0.91598314
0.66980815
0.635915
0.691398
0.71922696
0.6854004
0.6894206
0.7039661
0.71062356
0.68639135
0.6596204
0.6840855
0.66971767
0.7185593
0.7730331
0.7260452
0.7122828
1.0383236
0.80017185
0.946004
0.848123
0.905917
0.70080274
0.7991622
0.9687013
1.0167463
0.8819307
0.85381263
0.9480031
0.8746793
0.7231952
0.7781388
0.8369862
0.84844613
0.7950738
0.7783037
0.86200917
0.893249
0.8802835
0.8031684
0.90924895
0.67096245
1.0098113
1.023722
0.84361106
0.71842504
0.7774125
0.75377357
0.7002204
0.66283506
0.7731567
0.7957845
0.9324622
0.7946893
0.80841863
0.8745498
0.7609543
0.7092495
0.8614521
0.741712
0.716571
0.80860287
0.8136217
0.8588416
1.0651731
0.9387053
0.9381
0.7038514
0.8243209
0.8427644
0.8218474
0.9014821
1.2150711
0.86397916
0.7954679
0.81727034
0.897815
0.7432897
0.52952874
0.6953543
0.75334835
0.76683336
0.7529855
0.7120844
0.87874395
0.87976
0.7693432
0.8428448
0.7366841
0.7302711
0.7776258
0.8370136
0.6783839
0.8034671
0.61397386
0.823489
0.7710647
0.8119231
0.7987378
0.68488705
0.6475437
0.76635635
0.766046
0.7772647
0.7886558
0.82699764
0.74523246
0.78062457
0.85222256
0.8275114
1.0680124
0.9401927
0.8734928
0.84245276
0.81869566
0.7763279
0.7310146
0.7512375
0.7823607
0.7759414
0.7704541
0.74077773
0.7237595
0.8366687
0.82893306
0.7784449
0.8460699
0.75424635
0.8138271
0.6982095
0.8334181
0.85635084
0.75678355
0.7945992
0.81210506
0.7900031
0.6536486
0.76572925
0.92700624
0.7634569
0.8249043
0.8809825
0.830401
1.0479491
0.8057171
0.84092385
0.8339001
0.92517734
0.8038546
0.9176624
0.86592674
0.74833703
0.71994966
0.77723515
0.82881385
0.6196543
0.63997954
0.6555633
0.89296246
0.79328334
0.8202078
0.84513634
0.8760164
0.82733124
0.8071166
0.993299
0.86784047
1.0711293
0.9233292
0.86928105
0.9995038
0.91517305
0.8720758
0.8706996
0.90136456
0.51436585
0.6213465
0.68710655
0.62193155
0.72035444
0.678321
0.7793646
0.9613298
0.9716711
0.9190235
0.920245
0.81157714
0.8532814
0.8125511
0.8697959
0.8080038
0.7543389
0.70395315
0.6726286
0.66432923
0.70420945
0.5205269
0.59731936
0.5932003
0.7034457
0.6894756
0.77411956
0.75883466
0.7060056
0.76560086
0.72421247
0.80271435
0.7540563
0.80689365
0.8767828
0.86683154
0.7969349
0.84702784
0.85504806
0.83171135
0.8588703
0.59463716
0.6857281
0.71827
0.70473474
0.63741815
0.74940425
0.82193553
1.0151185
1.0356629
1.0005057
0.9786675
0.8157966
0.8862916
0.7148456
0.84213305
0.9298777
0.7304564
0.6322871
0.82913405
0.7279173
0.7173306
0.5122001
0.5967031
0.68993175
0.64659977
0.7641606
0.64497477
0.75469196
0.79479516
0.83795506
0.77999955
0.7932692
0.793711
0.79184663
0.7999393
0.79083955
0.87031996
0.9086763
1.059784
0.9105484
0.93081266
0.7776179
0.7745944
0.7654621
0.6668562
0.7635422
0.6631216
0.7880393
0.6833571
0.72278756
0.6703538
0.74843675
0.735991
0.80204535
0.765327
0.7487441
0.77091956
0.71808857
0.8575168
0.8173117
0.85204107
0.8655735
0.8183104
0.8169921
0.5611573
0.64263797
0.6353757
0.7425162
0.8715802
0.82241124
0.6943583
0.7165551
0.72651213
0.71207225
0.74295336
0.7478206
0.651251
0.7209647
0.66423774
0.73498607
0.75582707
0.7251619
0.7416296
0.81287694
0.5958473
0.8324874
0.6987405
0.7181764
0.8775978
0.89788246
0.83518255
0.9262343
1.0080137
0.8673798
0.89467055
0.8178488
0.81323373
0.9740441
1.0704644
1.1698875
0.9655997
0.932483
0.73254806
0.82997304
0.735311
0.81832683
0.7671191
0.9018617
0.7945581
0.7381638
0.7394789
0.7969297
0.74836105
0.65655917
0.72851896
0.7225824
0.75994563
0.7571985
0.8027769
0.7418689
0.8272292
0.8645702
0.7919039
0.6702875
0.7191667
0.7700353
0.79374135
0.82558364
0.8387301
0.7854252
0.75390655
0.88985366
0.8635414
0.9348581
0.8422172
0.9142678
0.9362187
0.9514098
1.0116581
0.94342625
1.0768998
1.0761211
0.9802172
0.7401284
0.7762729
0.7654039
0.7254003
0.73532486
0.61654305
0.82204765
0.678427
0.7308769
0.7095923
0.64738727
0.7316997
0.7665758
0.7506836
0.8560331
0.801566
0.85025346
0.79229534
0.757635
0.7777754
0.7734189
0.8137568
0.83021075
0.7399241
0.77301604
0.67429614
0.93286455
0.75717396
0.78108746
0.83158326
0.833616
0.90465987
0.7126534
0.80908364
0.7956776
0.77019715
0.760023
0.70687896
0.8010813
0.8106102
0.68312186
0.7779466
0.7166422
0.72704256
0.84111553
0.78682864
0.7842108
0.7659307
0.771784
0.7188494
0.79778606
0.7907512
0.802969
0.753037
0.8929065
0.82670754
0.9285811
0.77963924
0.8339582
0.8458679
0.8690938
0.7752381
0.7289916
0.76051754
0.7920035
0.748336
0.83856076
0.6742015
0.77697074
0.929115
0.89429027
0.93978107
0.9787864
0.8579706
0.9920688
0.92799395
0.96526134
0.99157643
1.0375549
1.0009079
1.0873349
0.95901275
0.7499095
0.6304329
0.71632856
0.73861307
0.7621036
0.6523035
0.79019475
0.81474113
0.7075558
0.7971282
1.0800472
0.7463424
0.75002015
0.7671517
0.6810086
0.68201095
0.64293325
0.78665483
0.68748736
0.7359025
0.7593148
0.72883236
0.658832
0.70744145
0.8351987
0.7130005
0.7967255
0.74127144
0.8638099
0.8121912
0.7985061
0.8853275
0.7012306
0.79741716
0.7517196
0.7211922
0.7179292
0.743275
0.71451324
0.6848191
0.71393514
0.5396584
0.53236794
0.59951013
0.6976154
0.66967475
0.5841743
0.59445965
0.743712
0.6790065
0.7336526
0.75708556
0.84086686
0.7303925
0.75687987
0.7264513
0.7277661
0.70378447
0.64681846
0.6708248
0.7215349
0.5690008
0.725937
0.75871795
0.8267202
0.7498302
0.72332084
0.8608634
0.7546739
0.786249
0.8028106
0.7847284
0.71115255
0.7786881
0.8932646
0.9567422
0.90269244
0.8469927
0.88820326
0.844689
0.79314333
0.91213214
0.89389044
0.71610206
0.7899677
0.8064667
0.78581876
0.7807868
0.87659544
0.83423597
0.85472465
0.92820954
0.848023
0.86988896
0.8607225
0.9250167
0.8708499
0.81652033
0.6860008
0.79716474
0.7757734
0.7461334
0.800132
0.7305123
0.76696
0.7615022
0.7745077
0.81048924
0.74609756
0.74296606
0.7500321
0.8346963
0.7555115
0.82971466
0.66529024
0.71139026
0.726476
0.7037256
0.8081155
0.7196443
0.65833735
0.59000415
0.673753
0.5437929
0.6515668
0.6407338
0.6737577
0.6363148
0.7181048
0.7114743
0.6811322
0.72098976
0.6736656
0.7880744
0.7164601
0.63483673
0.5988946
0.64453095
0.7088315
0.6332855
0.70829356
0.70099646
0.81307733
0.94737864
0.9667069
0.9527806
1.155473
0.96032506
0.92798287
1.0273334
1.032798
0.94194907
0.9939021
0.98378867
1.0357901
0.86895156
0.8526328
0.74978405
0.9328557
0.84856325
0.7972303
0.8593746
0.7359665
0.9048766
0.8110846
0.8448077
0.9781148
0.8956094
0.78898555
0.7808299
0.84896916
0.8429932
0.8043061
0.7833739
0.7076353
0.7896603
0.49836707
0.5337421
0.5456051
0.6563124
0.54866105
0.6127351
0.8225607
0.7130234
0.8365188
0.729504
0.75194407
0.76514214
0.86639357
0.76451594
0.78916913
0.8012576
0.7492852
0.7226831
0.80247664
0.7841871
0.86567706
0.6532863
0.7120118
0.65421414
0.64537865
0.77200085
0.7519717
0.72580373
0.5944978
0.8540089
0.76352555
0.79475677
0.79334676
0.8195958
0.7768995
0.85939157
0.8592757
0.8365639
0.8332135
0.8132788
0.7344889
0.72967994
0.66698486
0.67321396
0.72617245
0.7222353
0.68026674
0.75371236
0.69014406
0.74277997
0.63953656
0.78020906
0.75920105
0.7527074
0.86400056
0.7519277
0.77550656
0.72792035
0.7308788
0.8065719
0.84210956
0.7729994
0.58897996
0.6215149
0.7607802
0.8483466
0.7678444
0.83601123
0.7646149
0.72121084
0.8432898
1.0050873
0.8885223
0.72767264
0.7355543
0.66455597
0.7627848
0.8037108
0.8127008
0.74976015
0.7601179
0.7377037
0.6350288
0.5903702
0.63295454
0.6982221
0.75946915
0.7032031
0.7042784
0.826456
0.90915257
0.7787254
0.78529567
0.9319124
0.91304636
0.7795557
0.84061605
0.76734227
0.8122136
0.69743097
0.7829439
0.7475482
0.67138916
0.7617167
0.6946233
0.74227333
0.8889664
0.9625409
0.7697729
0.76026356
0.73979443
0.7117863
0.6426517
0.6504882
0.6946684
0.6619896
0.66953725
0.7677986
0.68277514
0.72601706
0.5826399
0.6649745
0.8806096
0.8200065
0.86905247
0.8364312
0.7948394
0.7587341
0.7862622
0.8806346
0.8058134
0.8303539
0.7365396
0.7551831
0.7336659
0.78923166
0.7716398
0.68616223
0.734559
0.7285423
0.7260694
0.67281234
0.7107839
0.7111827
0.7086044
0.79198146
0.7367287
0.7858885
0.7197312
0.86880225
0.7314312
0.65457237
0.82692313
0.8729126
0.6984229
0.903506
0.6406196
0.7186068
0.5628189
0.63885915
0.7040788
0.5348375
0.7183068
0.549466
0.6176335
0.6264335
0.6573164
0.50705844
0.5571968
0.6488763
0.6275918
0.6688397
0.54646873
0.7341492
0.736349
0.56136626
0.46409246
0.5159209
0.6073371
0.5031246
0.4899475
0.47863236
0.59282565
0.40932998
0.46865186
0.44798717
0.31175932
0.56426066
0.7250624
0.6020485
0.45519167
0.5447811
0.71794695
0.73828053
0.50623745
0.7177948
0.1986621
0.29666921
0.21483763
0
0
0.82166594
2.607545
0.98894686
1.0422742
0.883907
0.88365024
0.74554163
0.73407525
0.72746915
0.67648095
0.7567744
0.78728616
0.7957527
0.82330185
0.7568186
0.7761245
0.7355524
0.7648571
0.66664445
0.6268209
0.59192556
0.7145414
0.754225
0.705243
0.7349296
0.78356737
0.9406974
0.79272705
1.3296903
2.4144833
0.8492958
0.73943645
0.81368846
0.825161
0.8007756
0.7773245
0.7469928
0.7669093
0.8649875
0.71040297
0.72722024
0.9581596
0.7291416
0.75358975
0.9080216
0.77761745
0.9540973
0.9217102
1.5499295
0.918559
0.66876036
0.5808227
0.67684174
0.90067536
1.195793
1.7947409
3.599088
0.9197897
0.7431135
1.0004905
1.3033441
0.734855
0.75440824
1.0454723
0.91069216
1.0133612
1.4429004
1.4379522
0.8268011
1.151955
0.8071488
0.7292801
0.8018761
0.67104024
0.67035174
0.7625334
0.8618656
0.85392785
0.77564114
0.87282425
0.7906149
0.83819234
0.7196443
0.7770464
0.68959844
1.1065762
1.1659086
0.87261593
0.79130137
0.92138416
0.8459128
0.7845384
0.8277328
0.7853857
0.8437558
0.7811262
0.79862756
0.7954525
0.9421818
0.9242592
1.1061519
0.8249442
0.7446577
0.88872665
0.62847906
0.80447817
1.9332354
0.98795164
2.2283547
0.8998024
0.89665824
0.7773551
0.752694
0.717149
0.7785302
0.78626305
0.8475166
1.1096818
0.9775975
0.8153981
0.9785231
0.8029116
0.889784
0.78534925
1.009175
0.84381574
0.7902995
1.3696615
0.87775296
0.99811834
0.86802244
0.9368936
0.9716641
0.98609203
0.95251375
1.0359462
1.1489596
1.036038
1.0477968
0.8980265
1.1084036
0.9290513
0.77778083
0.7271928
0.78576684
0.73093385
0.7541832
0.86010015
0.76657987
0.92024934
0.9711262
0.84479594
0.8370551
0.871127
0.7948744
0.9219336
1.058687
0.8396004
0.7790393
0.8119665
0.8356036
0.85366243
0.92297804
0.80955553
0.63390684
0.71474963
0.87606686
0.69617754
0.7277756
0.65365916
0.6898804
0.76727
0.7623644
0.7846133
0.9820105
0.70011365
0.7291782
0.9687291
0.8659471
0.92886674
0.74807966
0.8010572
0.8956166
0.9383627
0.831895
0.6163229
0.6913161
0.7027804
0.6816015
0.789046
0.7541409
0.71669954
0.6747189
0.6932644
0.70868534
0.6796604
0.7828446
0.7277528
0.6219739
0.92908573
0.7820927
0.98530126
0.8698082
0.9398144
0.88090324
0.90792817
1.0461321
1.0712043
0.93955684
0.8939952
1.0127916
0.95795715
0.80735517
0.8465901
0.8686475
0.9035675
0.60111856
0.5798921
0.7348161
0.7839036
0.77386713
0.71573454
0.832265
0.84804815
1.1888152
1.2348664
1.0074651
0.8725376
0.95207703
0.9213523
0.7947012
0.77472293
0.8438224
0.9033817
1.0262673
0.8486914
0.6532628
0.79637516
0.712292
0.6341174
0.8050919
0.69934434
0.67845416
0.7693702
0.7665151
0.83933246
1.068601
0.95948935
0.9872074
0.68266
0.8328467
0.85974324
0.8179219
0.9155461
1.2797745
0.8920583
0.8005349
0.6293282
0.7779089
0.7310503
0.7289643
0.8376411
0.8818928
0.8665963
0.83697957
0.8139337
0.92551786
0.9579406
0.9153329
0.9901965
0.89915526
0.86494225
0.8948663
0.91712886
0.80181426
0.8947562
0.7870469
0.91171783
0.65691817
0.7618531
0.8433857
0.76653564
0.721571
0.8056033
0.79742134
0.78732514
0.82110333
0.7992727
0.7285222
0.7622719
0.8208682
0.77642024
1.0000978
0.8257248
0.7659631
0.7369087
0.7544227
0.6820624
0.70136195
0.64857614
0.71027046
0.6878907
0.6769511
0.65528095
0.6423583
0.7366076
0.7522211
0.7425143
0.7610293
0.69368494
0.77037
0.64734036
0.77242833
0.79177
0.68192273
0.7087867
0.71329427
0.7238437
0.6173993
0.7313421
0.8635707
0.6940908
0.78955907
0.82001656
0.7776692
1.0151652
0.7428427
0.81182605
0.7680301
0.88179094
0.76381665
0.88121784
0.8240543
0.6957522
0.7474905
0.7425793
0.79341954
0.7175554
0.6971245
0.6837562
0.9473436
0.8501384
0.80140406
0.86932075
0.84323436
0.7695021
0.7461523
0.94313663
0.82078606
0.9927977
0.8695828
0.8181448
0.9346539
0.891933
0.5863711
0.68991446
0.76344776
0.7342476
0.88265693
0.79609066
0.76681584
0.8794025
0.7956529
0.8743078
1.002237
0.99963033
0.94327575
0.95464647
0.82253104
0.86658245
0.8268963
0.9065604
0.8342318
0.76652396
0.71885073
0.7304217
0.70613295
0.7179135
0.68397963
0.7247504
0.69564617
0.76138985
0.7091359
0.834745
0.7913008
0.69848365
0.7427032
0.7208671
0.8152258
0.72651273
0.77776855
0.8745495
0.84943366
0.7843561
0.79858655
0.8099551
0.8028529
0.8255868
0.64990073
0.71561164
0.72002023
0.70377284
0.6003046
0.72167736
0.8405602
0.96138084
1.0269543
0.97501665
0.9400217
0.7864614
0.8437267
0.63937235
0.8032206
0.8904051
0.69670314
0.6381103
0.81484646
0.6788287
0.6949729
0.6062126
0.55779123
0.63754946
0.61551476
0.72229433
0.6186268
0.6950449
0.71225435
0.73961544
0.7322436
0.70964956
0.68791497
0.70867556
0.712325
0.7231336
0.7797262
0.8474382
1.0019251
0.7892021
0.8848067
0.8226286
0.7117353
0.6888196
0.60104764
0.69264054
0.61870694
0.7616737
0.6594792
0.68060213
0.62734807
0.7555438
0.69796264
0.78962505
0.75534
0.7248308
0.71724516
0.66590756
0.8298194
0.7804999
0.81130254
0.8004903
0.76152617
0.7295105
0.5739585
0.6241584
0.5860867
0.70737875
0.82095426
0.7827223
0.6370625
0.69341433
0.68662447
0.6930436
0.73305196
0.71536934
0.6106237
0.710216
0.6503599
0.7142589
0.74782217
0.72504526
0.70051306
0.7880586
0.5636537
0.86008435
0.750884
0.74893373
0.8938884
0.89530945
0.82578695
0.92906815
1.0042597
0.8608309
0.90908307
0.8205063
0.80689675
0.9808323
1.079009
1.1898586
0.9886855
0.95861036
0.7518884
0.8250817
0.76097715
0.83313423
0.8066373
0.90127397
0.7973814
0.7540836
0.7800319
0.84265304
0.78097004
0.718288
0.7289146
0.74841446
0.78816956
0.7788166
0.82008475
0.7523494
0.8062468
0.8706812
0.77722216
0.67780834
0.712769
0.77002996
0.8027529
0.8153975
0.84621906
0.7881253
0.75846833
0.8925416
0.8853681
0.9091739
0.8514442
0.92997664
0.9525989
0.9572798
0.9951116
0.94012296
1.0870446
1.053483
0.9661714
0.7888895
0.7860674
0.8189585
0.75648475
0.74636054
0.63421744
0.8675255
0.6915405
0.7304898
0.7170658
0.68824273
0.7690181
0.7794241
0.7806918
0.8526879
0.7897703
0.81409866
0.77960634
0.7666577
0.7595004
0.7613342
0.7966427
0.83501935
0.7280345
0.7861145
0.6715137
0.9371539
0.79111993
0.789398
0.81501913
0.8035042
0.914519
0.70068115
0.79426533
0.78044
0.8053907
0.7662909
0.7057318
0.78137285
0.7844072
0.69319624
0.7895562
0.73094296
0.68117464
0.7908156
0.7606708
0.78571373
0.7232016
0.79136693
0.7004367
0.7659694
0.8144289
0.807836
0.76770926
0.8777404
0.8396488
0.90708977
0.80492437
0.8486101
0.8232078
0.85822076
0.7601335
0.7057623
0.7773421
0.8052361
0.74542665
0.82944417
0.69046944
0.81287235
0.9664511
0.90154094
0.9336097
0.9883481
0.8365608
0.970287
0.92929024
0.95703536
0.9848074
1.0471488
0.98209363
1.0835801
0.9646136
0.6389988
0.66845906
0.7664522
0.8015966
0.8125855
0.72583044
0.81251186
0.8121199
0.7363502
0.85995626
1.0877638
0.8013487
0.7923483
0.82196563
0.7305353
0.7487172
0.69417256
0.85500467
0.73767585
0.80548346
0.8056677
0.76039565
0.682167
0.75128096
0.84502316
0.74842054
0.8188703
0.7732503
0.86855537
0.8447723
0.824268
0.88522667
0.740285
0.84065694
0.75082934
0.7031927
0.72153115
0.73926246
0.7075233
0.68988436
0.7198641
0.6427033
0.6327186
0.66384387
0.7262416
0.6579106
0.5851058
0.5881325
0.7199514
0.6445057
0.72882295
0.728796
0.8342887
0.69820553
0.771163
0.6906241
0.6942732
0.7180253
0.7179643
0.7033981
0.7571054
0.56029826
0.70213264
0.7054685
0.8049932
0.7319467
0.6755524
0.8204976
0.7206789
0.74915195
0.8062211
0.78707725
0.7136389
0.7861891
0.85268784
0.9337461
0.8895844
0.8212713
0.8388959
0.8598507
0.6438075
0.763341
0.7774994
0.6052537
0.70475656
0.76560205
0.7536395
0.7112285
0.8142957
0.7665665
0.8241661
0.8683383
0.7814493
0.8316942
0.772529
0.8361847
0.8514385
0.78023684
0.81617224
0.86240095
0.83952135
0.7933749
0.5826145
0.60058147
0.60800165
0.6016875
0.5921616
0.6681757
0.62535954
0.60560626
0.6440442
0.74891835
0.6379113
0.69698554
0.547828
0.58420634
0.6449953
0.6128387
0.7171481
0.8793204
0.6865864
0.576306
0.68523985
0.49747986
0.5505171
0.53624386
0.6863579
0.6485015
0.6782734
0.6877314
0.6684854
0.7235783
0.6999742
0.7773292
0.72173506
0.6688216
0.7190576
0.718337
0.82610434
0.6890736
0.7546585
0.72867435
0.8074246
0.6670181
0.7568241
0.7683294
0.91063774
0.7868964
0.7901613
0.96478456
0.96470153
0.8967552
0.9663117
0.949962
0.9879463
1.1023197
0.98142034
0.8069197
1.0303471
0.9350497
0.86434317
0.9204784
0.6864999
0.8767226
0.7869135
0.8035699
0.947616
0.9381353
0.81585765
0.8240009
0.89499545
0.8605824
0.8460116
0.7761539
0.7483573
0.81046706
0.7766505
0.76411116
0.803969
0.85756713
0.696413
0.74950665
0.9419473
0.70143837
0.8781025
0.75552744
0.77907693
0.7895822
0.883799
0.7677411
0.8264691
0.8248576
0.75982976
0.75641906
0.79603565
0.80394256
0.8680982
0.83518416
0.90951324
0.75057244
0.73402417
0.666747
0.61807084
0.6160512
0.5725422
0.7922933
0.712248
0.7531818
0.7518834
0.78628093
0.7053826
0.8318096
0.8163485
0.8093514
0.808302
0.81106013
0.7404236
0.7637373
0.8103137
0.7704826
0.83351904
0.79313946
0.63189393
0.72388875
0.67066324
0.71907
0.65232134
0.7697623
0.77979493
0.75351787
0.87634736
0.80072063
0.807767
0.782699
0.7330936
0.8334844
0.86362004
0.76811814
0.7629616
0.7572739
0.855136
0.8866544
0.80029297
0.74054307
0.71783054
0.69604474
0.8229429
0.9900958
0.89873767
0.7706895
0.77520776
0.6992029
0.7686952
0.8416467
0.84381676
0.8121239
0.8535241
0.82188314
0.7759835
0.7377438
0.7413986
0.79671127
0.8620159
0.6232508
0.6280891
0.7568148
0.83494335
0.7490002
0.7685903
0.90090895
0.9116595
0.8073236
0.8406305
0.7905167
0.86395884
0.6803568
0.7963515
0.79284954
0.7585129
0.8569152
0.774603
0.8435251
0.9495665
0.8654212
0.76791054
0.76851416
0.7808246
0.7909995
0.7515207
0.7519414
0.8037056
0.793727
0.78363824
0.8587665
0.7853096
0.8399751
0.84324515
0.85466594
1.1513897
0.9408672
0.74017066
0.7911311
0.72580755
0.688303
0.77255976
0.8702047
0.7819679
0.7735994
0.73571956
0.73758197
0.6935512
0.75478053
0.70919997
0.6362924
0.7314226
0.96904516
0.8989735
0.715444
0.7575302
0.75881195
0.6913771
0.67163444
0.67583776
0.74789214
0.7064221
0.85820764
0.69031376
0.6628384
0.83159935
0.91540056
0.7419571
0.90043175
0.68134326
0.7417105
0.5741891
0.6881861
0.700213
0.76191205
0.9654271
0.6699391
0.66138697
0.62796414
0.6628767
0.5447897
0.5780626
0.65468836
0.67169094
0.66643476
0.55972314
0.7423263
0.7663199
0.60886383
0.55353886
0.6036053
0.6404246
0.5457995
0.5979205
0.5596318
0.67288923
0.487251
0.50599444
0.51577246
0.4107822
0.644824
0.82411444
0.74560064
0.54572606
0.6452577
0.79748195
0.814239
0.60275567
0.8156553
0.355234
0.40247214
0.37815705
0
0
0.82166594
2.607545
0.98894686
1.0422742
0.883907
0.88365024
0.74554163
0.73407525
0.72746915
0.67648095
0.7567744
0.78728616
0.7957527
0.82330185
0.7568186
0.7761245
0.7355524
0.7648571
0.66664445
0.6287516
0.59666854
0.7162289
0.7561564
0.70659304
0.7158002
0.78468996
0.94311273
0.795864
1.3332942
2.4151866
0.8792174
0.7876033
0.827417
0.7837794
0.84487516
0.83202565
0.78896946
0.82294273
0.9133668
0.6084245
0.6564082
0.93894506
0.6833337
0.7465329
0.8725257
0.7845417
0.96638155
0.9059827
1.5605912
0.9446069
0.7185363
0.630269
0.7228586
0.95388615
1.237601
1.8007817
3.635552
0.9524896
0.74936235
1.0064527
1.2560574
0.67474246
0.683974
1.0153394
0.8747607
1.0042961
1.4341063
1.4274752
0.7988644
1.0992063
0.77057713
0.6688076
0.7747844
0.657241
0.6686153
0.74947876
0.79694486
0.8092512
0.6935142
0.8211031
0.72553
0.6401269
0.38954657
0.59849346
0.6548556
1.0775294
1.1242015
0.8057963
0.7572576
0.84622484
0.79836196
0.75339097
0.7980541
0.807811
0.81325954
0.7888315
0.8153828
0.80674046
0.9275477
0.925332
1.112238
0.8355905
0.77878076
0.93154615
0.7069834
0.8354754
1.9536821
1.0126953
2.239211
0.93834716
0.903437
0.8066023
0.7585954
0.74852145
0.7836088
0.79802877
0.8621929
1.1119597
0.9657346
0.7901103
0.9656532
0.79224676
0.8790811
0.7756184
0.9910433
0.79724044
0.7927819
1.3764688
0.84674865
0.9550119
0.82253414
0.9101052
0.93983257
0.95144737
0.9240643
1.010913
1.1165338
1.0307167
1.0465791
0.90582746
1.1017327
0.90145344
0.6870183
0.7072845
0.7626287
0.71586627
0.7203269
0.8174262
0.7412111
0.8720159
0.92154616
0.77658594
0.78932786
0.83133066
0.7350881
0.8844203
1.0025963
0.8133173
0.73423207
0.7993973
0.7881534
0.8206714
0.90505767
0.55467814
0.79199064
0.8029033
1.0980648
0.86664563
0.8919198
0.8441257
0.7917009
0.87592024
0.8080055
0.8061235
1.056848
0.74192554
0.74784786
1.0244168
0.88765216
0.96894723
0.7194987
0.7818886
0.9000739
0.9086723
0.82308483
0.7910601
0.82171553
0.8212526
0.7678053
0.84130037
0.82738656
0.73966837
0.76311946
0.73674685
0.75292563
0.74127823
0.8134973
0.76141876
0.7651551
1.0596517
0.63031745
0.85375214
0.7692675
0.8339542
0.74990815
0.82509506
0.99503046
1.0034547
0.88852847
0.8635342
0.94262886
0.894024
0.7251685
0.77362585
0.79683304
0.847548
0.7675651
0.75039834
0.6629361
0.7257127
0.74932027
0.71578956
0.7712401
0.7830781
1.1782656
1.2452649
0.91764283
0.7532894
0.7811939
0.8231332
0.67013943
0.6140565
0.7165637
0.7944431
0.9331116
0.7544554
0.7536372
0.8577445
0.5294874
0.45791563
0.65194273
0.6316332
0.6360152
0.751652
0.77215177
0.83963585
1.0134072
0.8982298
0.89947677
0.72709864
0.8254584
0.840419
0.82261384
0.92904395
1.2403928
0.8743263
0.7837429
0.8461127
0.9069178
0.6230299
0.63626033
0.7144823
0.77276695
0.762614
0.74603444
0.72437656
0.8323585
0.8483854
0.84047055
0.9119351
0.795357
0.7814425
0.8553398
0.8762111
0.7891076
0.8814461
0.73873717
0.8713061
0.85236734
0.88767326
0.746507
0.66433495
0.6523097
0.7369483
0.72811663
0.6921429
0.7310927
0.77071035
0.69795704
0.7250744
0.7811534
0.7658413
1.0082881
0.84283483
0.778895
0.7689043
0.7727423
0.893584
0.8704836
0.79340804
0.79759085
0.5487227
0.60014135
0.5754619
0.5746417
0.716982
0.73152137
0.6849107
0.7451006
0.6963898
0.7358946
0.61131406
0.76736546
0.7896825
0.656475
0.6937723
0.7040595
0.714735
0.7444822
0.7145253
0.88817555
0.73151505
0.61911654
0.65397656
0.6926952
0.8269639
0.6492132
0.73656815
0.7211811
0.8004924
0.757491
0.8237833
0.8059548
0.7244313
0.72502303
0.7304464
0.79587936
0.72614646
0.6802077
0.7007471
0.94293636
0.8259865
0.67598855
0.79323
0.8043685
0.80211985
0.76315373
0.9519725
0.8524052
1.0190468
0.93938845
0.8604324
0.9886335
0.93339586
0.9004914
0.86088634
0.886835
0.8764235
1.0079507
0.90912277
0.86365837
0.96064955
0.63020897
0.7664528
0.9412438
0.9236803
0.9039378
0.89305073
0.82995653
0.83119494
0.8530241
0.91787684
0.85450685
0.7948903
0.81391174
0.7872545
0.7342542
0.7453846
0.72049755
0.73695534
0.70113677
0.78341883
0.75448257
0.84903467
0.8156022
0.7316589
0.78981906
0.7805971
0.862348
0.7426741
0.8101017
0.9135775
0.88997465
0.8172114
0.8659517
0.84882265
0.8067655
0.84705746
0.638124
0.7156224
0.71334034
0.71871716
0.6410302
0.7283345
0.83388484
0.9788068
1.0314034
0.96353126
0.9443658
0.81549454
0.86225504
0.6856545
0.8173462
0.8993239
0.7374036
0.62764734
0.8092222
0.6852161
0.7108525
0.6405441
0.6145577
0.6599067
0.63106686
0.7362849
0.6517185
0.71713495
0.7553713
0.77213323
0.7166879
0.7376695
0.7300575
0.7089593
0.73592645
0.71810615
0.79682165
0.84641266
1.0039251
0.8050587
0.87742025
0.8070612
0.68608606
0.67069703
0.5688235
0.66850746
0.5631186
0.74671304
0.62808657
0.6739161
0.61375505
0.73771477
0.66610736
0.78202534
0.7471125
0.6789806
0.71999425
0.6478151
0.8305162
0.7683302
0.7745908
0.75534874
0.70943946
0.6834498
0.6195625
0.67468876
0.643791
0.7486389
0.8506541
0.8220107
0.716889
0.7531176
0.7223212
0.7235256
0.7575423
0.71185225
0.6151295
0.698271
0.65305513
0.7190348
0.733843
0.72278184
0.7514728
0.8181079
0.5200211
0.80700034
0.6808917
0.68196636
0.8438611
0.8668928
0.8263365
0.94169927
1.0362358
0.90188
0.91977894
0.85122544
0.84139204
0.9896796
1.097778
1.1959287
1.0022788
0.96062505
0.7555149
0.84933466
0.8064389
0.8883428
0.8173669
0.9280296
0.7991571
0.76386625
0.7922385
0.8444495
0.8041194
0.70022106
0.75258875
0.75096536
0.7945473
0.7921129
0.79730487
0.7517212
0.80589235
0.8844145
0.77374244
0.6526705
0.7067975
0.7906571
0.80738235
0.84601754
0.8440798
0.78975284
0.758511
0.92925084
0.8710557
0.93108535
0.83363783
0.9362588
0.9393744
0.9682887
1.013165
0.9538183
1.089192
1.081683
0.96999824
0.80040646
0.8264575
0.83311445
0.7815491
0.7730612
0.6739588
0.8822069
0.7113533
0.76376086
0.7590177
0.70592356
0.7849514
0.80395764
0.784276
0.86443925
0.8028501
0.86201143
0.80009645
0.78575736
0.7855265
0.8064596
0.823053
0.8528341
0.71422565
0.7617922
0.63514596
0.9427737
0.77172923
0.76718587
0.8419579
0.8080582
0.89859486
0.6875732
0.8104114
0.7834606
0.7761006
0.7608774
0.6777347
0.7760863
0.8030137
0.6881249
0.7677445
0.70316505
0.66835076
0.81951076
0.7675198
0.74446493
0.73623335
0.7587313
0.68336004
0.76807225
0.7924809
0.8064834
0.7631993
0.877604
0.8212343
0.94102025
0.7893723
0.8352204
0.8257044
0.82316697
0.65750515
0.61066455
0.7167413
0.7568172
0.6894216
0.79337764
0.65626997
0.76828665
0.89116585
0.871251
0.8785694
0.93378097
0.8192869
0.94595724
0.9021714
0.95440394
0.940429
1.0162334
0.9783006
1.0691088
0.7978841
0.6364819
0.6368833
0.7537228
0.73947984
0.777315
0.6900571
0.7843182
0.85513616
0.72635317
0.86678237
1.1013137
0.8009226
0.76820755
0.7986144
0.7268103
0.7471593
0.6999063
0.8090265
0.6985525
0.741252
0.73583966
0.851608
0.6826155
0.767915
0.8893753
0.7552905
0.84172565
0.77413714
0.9048022
0.87446594
0.8515944
0.94786924
0.7576162
0.8861211
0.83249295
0.7628788
0.7726038
0.5976333
0.6344692
0.67627925
0.72282064
0.7538557
0.7099633
0.7404442
0.7973704
0.75359523
0.72224253
0.72263515
0.81920767
0.7293851
0.81930745
0.8404961
0.8951635
0.8069601
0.81291115
0.7580449
0.77231866
0.614591
0.6608166
0.68293685
0.74850655
0.68490857
0.81020147
0.8309873
0.8974757
0.80520225
0.726122
0.8825076
0.740586
0.7641486
0.8341307
0.816204
0.73860264
0.79161364
0.92023015
0.9735699
0.93395305
0.7146549
0.76951903
0.8380132
0.71961045
0.84791446
0.8781771
0.6603176
0.7191339
0.7559292
0.76660246
0.6957558
0.7953196
0.74706227
0.80604994
0.85740626
0.8101483
0.83065915
0.7920508
0.8502957
0.8431156
0.7426411
0.6081343
0.7201152
0.74211127
0.6810371
0.72775817
0.66980964
0.7075984
0.71574044
0.73593456
0.76567656
0.6981978
0.70244527
0.74568677
0.8043084
0.72962844
0.7730826
0.62119454
0.6897048
0.6774859
0.6906596
0.7656653
0.7185284
0.66045195
0.5649941
0.6473698
0.50440514
0.5910141
0.58719987
0.66407686
0.64706624
0.66886365
0.6688789
0.64716226
0.68991977
0.6157453
0.76464236
0.70946825
0.59243643
0.5764265
0.6355363
0.7288439
0.66070575
0.73133296
0.7322596
0.8460787
0.9910206
0.9897253
0.9510447
1.1498471
0.9659164
0.9306741
1.0338298
1.0508366
0.93645567
1.0133965
0.97750413
1.0492439
0.8420201
0.827361
0.7006225
0.9155042
0.83712995
0.7762719
0.8542423
0.67492676
0.8847766
0.8012177
0.86568624
0.99237305
0.92645204
0.83340096
0.7932138
0.8764342
0.84147775
0.8172622
0.7727164
0.7588085
0.811956
0.54150707
0.5850524
0.6122576
0.66813636
0.5863495
0.62229323
0.82428837
0.7280694
0.84077543
0.71506596
0.7260429
0.7321969
0.8760494
0.7364043
0.7508203
0.80610853
0.73098546
0.7044617
0.8050248
0.79013765
0.84438574
0.63370234
0.73275787
0.6308958
0.6211498
0.75027484
0.75027394
0.69968784
0.5930613
0.84898037
0.75183237
0.79924464
0.78871757
0.8157426
0.77402407
0.8968233
0.8885207
0.8357395
0.87252694
0.8713347
0.7997537
0.8155411
0.66740173
0.66060233
0.73554146
0.69580555
0.68634665
0.7357712
0.6895528
0.7287648
0.6831082
0.8048535
0.80108356
0.7522555
0.88155043
0.74715984
0.7927433
0.73772496
0.7258628
0.8081851
0.8273838
0.78307235
0.7738875
0.537761
0.68955356
0.6980268
0.63524926
0.75968504
0.6742403
0.60647315
0.755088
0.90528774
0.8100065
0.67710334
0.6935521
0.61745846
0.73028797
0.78172356
0.77168286
0.7122365
0.7298652
0.78117096
0.7333414
0.70908445
0.577032
0.6797579
0.68538225
0.65389925
0.6943081
0.8107811
0.8935858
0.7943119
0.76614636
0.8704521
0.8655844
0.7931841
0.8362468
0.76549655
0.8532056
0.6585463
0.7542627
0.76561534
0.7421582
0.8661613
0.762005
0.72330624
0.8936834
0.9419586
0.74416935
0.72569716
0.7254878
0.6879873
0.6214918
0.62725234
0.66525716
0.6571288
0.6902374
0.71271604
0.6748087
0.6714651
0.703626
0.7253868
1.01707
0.73540246
0.84514725
0.84358644
0.80726314
0.77736276
0.83905905
0.94020706
0.8232812
0.82360315
0.7932484
0.78662443
0.79792744
0.8603253
0.8301626
0.7852463
0.8410233
1.0613078
0.6916924
0.6391506
0.6834907
0.69967186
0.7123777
0.7662171
0.7844466
0.8354567
0.7881168
0.90837973
0.7716204
0.7284801
0.8884607
0.9485088
0.7938414
0.9614872
0.7465826
0.81115997
0.66493225
0.73605466
0.7698853
0.6190097
0.75750893
0.585977
0.61682796
0.6254001
0.6349448
0.5043046
0.53844905
0.62544936
0.6689258
0.6128451
0.5282433
0.72536457
0.7661645
0.5632296
0.48728135
0.5040563
0.54283154
0.44054785
0.49003142
0.47163293
0.5922543
0.41429633
0.46091822
0.45065272
0.30165884
0.5587558
0.72221047
0.62705
0.46173432
0.5393433
0.7421367
0.7291319
0.5104281
0.7098414
0.20624977
0.30011368
0.26843855
0
0
0.82166594
2.607545
0.98894686
1.0422742
0.883907
0.88365024
0.74554163
0.73407525
0.72746915
0.67648095
0.7567744
0.78728616
0.7957527
0.82330185
0.7568186
0.7761245
0.7355524
0.7648571
0.66664445
0.5849099
0.48690206
0.6884914
0.74232143
0.700912
0.7500184
0.7754635
0.9377886
0.8208296
1.3296694
2.4422095
0.8846901
0.7457315
0.79466826
0.8321417
0.7799006
0.7991535
0.76213694
0.7823288
0.88075477
0.6535548
0.68052477
0.9660053
0.6884726
0.74822724
0.83207566
0.75060725
0.96381074
0.91084504
1.5469068
0.9281205
0.63233393
0.59968567
0.7042992
0.93857807
1.2556307
1.7919847
3.6116688
0.95562893
0.7350467
1.0147722
1.2655083
0.6883736
0.70168805
1.0393038
0.87321806
0.99009275
1.4217156
1.4386146
0.7961258
1.0721741
0.73503464
0.6322423
0.72562045
0.6308778
0.665379
0.73607683
0.84206825
0.82736546
0.7373975
0.8437205
0.7536764
0.7620346
0.584748
0.72033286
0.66277343
1.0673885
1.1326671
0.8410367
0.7684482
0.88008595
0.8062503
0.7626001
0.82128936
0.81836134
0.8220294
0.80058616
0.7747802
0.77792495
0.91733325
0.9021186
1.0932608
0.84661245
0.76090723
0.91168255
0.70165926
0.849015
1.9590012
1.0133045
2.2345412
0.90523595
0.86109865
0.7832381
0.7201729
0.702264
0.719598
0.75897485
0.8188821
1.0878937
0.97370327
0.8289221
0.9567039
0.756731
0.8214128
0.7020608
0.952748
0.7408928
0.72864634
1.3359165
0.78983146
0.9278893
0.7720804
0.8959132
0.92260164
0.9505232
0.8975524
0.9947446
1.0998394
1.0183553
1.0606365
0.9238412
1.0913728
0.90130126
0.7433238
0.71386325
0.79538554
0.73150206
0.73578566
0.80815524
0.72620314
0.8958511
0.9407358
0.78386295
0.78904665
0.8341795
0.7565764
0.8966168
1.0048221
0.76481104
0.7350078
0.77417
0.76770747
0.7864416
0.8486572
0.77178836
0.63267857
0.7246695
0.9215691
0.7201692
0.7797648
0.7326998
0.7183931
0.8063671
0.8108829
0.81431395
1.0207103
0.7476022
0.7834673
1.0102848
0.89953256
0.97144055
0.8063396
0.8448686
0.9579317
0.70396763
0.7190138
0.693263
0.7317668
0.7297539
0.688994
0.71843815
0.7465088
0.7379704
0.7221463
0.7180555
0.7147806
0.7505263
0.6980516
0.71477056
0.7255024
1.0528172
0.85999215
0.999179
0.8772526
0.9317218
0.8487458
0.88028014
1.0192629
1.0483599
0.90121835
0.8734185
0.96788156
0.8989658
0.7472798
0.7965199
0.8216895
0.64804775
0.64411443
0.6512745
0.8007234
0.83802164
0.8098421
0.7364311
0.85418314
0.8506396
1.2505932
1.3173295
0.99690497
0.8729613
0.9552843
0.91616756
0.7795937
0.76235515
0.82236445
0.8696138
0.99945813
0.6802031
0.69288105
0.7965303
0.7288087
0.6787806
0.86400867
0.72882974
0.7090459
0.80982035
0.77424604
0.856444
1.1122133
0.9260405
0.9704195
0.65907216
0.8566314
0.8091204
0.7628267
0.88014275
1.266858
0.8517932
0.75603646
0.5983354
0.75014293
0.7267552
0.67349046
0.7951186
0.84567326
0.82218623
0.7924107
0.7673284
0.88671833
0.9105346
0.8923177
0.95401883
0.8504609
0.8263989
0.89484036
0.9281555
0.83365756
0.95594823
0.81816024
0.92796457
0.6099037
0.6911877
0.81589043
0.7460453
0.6470561
0.77282614
0.7230687
0.7423187
0.7759415
0.77373993
0.7003813
0.72851515
0.7794025
0.62522495
0.86540824
0.73557514
0.71841073
0.726517
0.75999576
0.87309927
0.85548306
0.78939706
0.82207763
0.801773
0.8019493
0.74104166
0.7347067
0.8514285
0.8348039
0.796959
0.85094285
0.62594366
0.72670317
0.617827
0.7618824
0.82150555
0.74458915
0.7576464
0.7753387
0.78001356
0.7924333
0.8201882
0.95163053
0.78910285
0.8506612
0.8785375
0.84572953
1.0379562
0.7867205
0.8584312
0.82696515
0.91394144
0.76947314
0.9131899
0.85237217
0.7507508
0.7654757
0.7654181
0.8323145
0.77927727
0.73300964
0.72476345
0.964276
0.8190932
0.8061334
0.8567515
0.82704395
0.7685324
0.74539673
0.9412264
0.6210153
0.83511287
0.8228977
0.7708646
0.8845276
0.8744525
0.7857768
0.80288494
0.8418878
0.82716763
0.92368764
0.87630534
0.8375302
0.92347115
0.8202117
0.93366224
1.0669875
1.0697098
0.90541375
0.88663924
0.8017839
0.8153713
0.88567376
0.9539651
0.8795395
0.8502202
0.8032981
0.7998194
0.7851297
0.78222036
0.7555174
0.810144
0.7518661
0.8413697
0.8113701
0.7611004
0.74558157
0.71494
0.7516332
0.77566814
0.8277528
0.75761056
0.81438535
0.9175243
0.9137412
0.85077834
0.8836914
0.90796316
0.8889887
0.8984383
0.8509314
0.8900187
0.8994022
0.87026477
0.8083124
0.8551577
0.6362243
0.7961753
0.87683773
0.8950288
0.88485914
0.82898396
0.87994045
0.7346934
0.90159905
0.99343014
0.82543594
0.7666611
0.9042759
0.7823191
0.79570836
0.7697007
0.71989655
0.7758221
0.72603077
0.8343821
0.7319193
0.79983956
0.8271078
0.87536675
0.80017984
0.80103034
0.84531045
0.82257104
0.82323664
0.84054524
0.91806716
0.9431479
1.0711402
0.905675
0.96208715
0.9124242
0.7127443
0.7257863
0.6267363
0.7530305
0.6541332
0.7959732
0.6916293
0.7067543
0.65108544
0.75769556
0.7193517
0.767062
0.7498344
0.7253782
0.6609017
0.67512876
0.8196694
0.7537028
0.7794467
0.7897411
0.75586444
0.723479
0.5955742
0.64719516
0.6254258
0.7367507
0.84694546
0.80245775
0.694717
0.7010725
0.703492
0.7036236
0.7550969
0.7427539
0.6299729
0.70937264
0.670032
0.76296556
0.804354
0.72414047
0.7634027
0.7856884
0.6126646
0.89168245
0.7723926
0.7493114
0.8941697
0.9016893
0.84970284
0.95102566
1.0315962
0.9097186
0.92451626
0.8515379
0.85445505
0.9884405
1.1134654
1.1833792
0.9999077
0.9830724
0.77384824
0.8615719
0.7911221
0.887434
0.7847632
0.921413
0.8163637
0.75810057
0.7835575
0.86606026
0.8107793
0.7452523
0.760233
0.75385404
0.79260373
0.7657533
0.8326137
0.78743696
0.83618784
0.8931909
0.81124014
0.6312663
0.6954115
0.7718572
0.7934921
0.80529284
0.82664967
0.7520008
0.7294827
0.88084555
0.84319305
0.90254104
0.835971
0.9197782
0.92902786
0.94862443
0.9885505
0.9259367
1.064024
1.0651909
0.98031217
0.7671902
0.780486
0.8165965
0.7501126
0.7435348
0.6444294
0.87395024
0.7001744
0.7836609
0.7284635
0.6803244
0.79381347
0.80156994
0.7930704
0.86290514
0.8092189
0.8851604
0.8027497
0.7471835
0.7559324
0.7487275
0.8300691
0.8578702
0.73074204
0.7851656
0.66447115
0.9394389
0.7704929
0.7736863
0.85337275
0.7810256
0.9031536
0.69163626
0.8035845
0.80348176
0.7327992
0.745518
0.69532067
0.77365804
0.8027421
0.6538929
0.77238256
0.6858359
0.682757
0.8132761
0.80199283
0.78339845
0.749143
0.76419896
0.6832413
0.8002933
0.78493917
0.811863
0.7632476
0.8907934
0.82635134
0.92893535
0.76189744
0.8154957
0.8086529
0.8287703
0.6350049
0.57764834
0.66882575
0.726159
0.67807585
0.8138668
0.63658863
0.7809361
0.90968883
0.87549454
0.90733737
0.95790666
0.84888226
0.96729594
0.9016143
0.94152665
0.97041833
1.0278639
0.9922335
1.0663296
0.93266875
0.6239402
0.6241558
0.69820964
0.7675481
0.7801708
0.6847928
0.78292763
0.8066763
0.7301632
0.8060399
1.0941027
0.796703
0.76403916
0.8171612
0.70807624
0.7150801
0.6936492
0.8096764
0.7109816
0.7639155
0.7815122
0.82661194
0.70020056
0.76857585
0.8663584
0.76919657
0.81484216
0.74563795
0.86951625
0.83075625
0.8033693
0.897514
0.72927076
0.82901436
0.77758276
0.72502714
0.7357331
0.74927646
0.59675866
0.61785364
0.6551836
0.72871685
0.6893403
0.7178823
0.8065671
0.75816923
0.7294653
0.69867384
0.8163835
0.7293595
0.7878711
0.7978913
0.8806685
0.77380955
0.8116814
0.7769902
0.7865746
0.7933733
0.60152215
0.652381
0.7298926
0.6651787
0.8097294
0.82906175
0.889459
0.82276094
0.7627532
0.9107921
0.77555054
0.81112176
0.87211657
0.8758035
0.765064
0.83699274
0.955885
1.0036082
0.97403926
0.8798098
0.9321334
0.8386956
0.7691443
0.8738388
0.8713507
0.69659036
0.7444212
0.7630073
0.77717113
0.73991936
0.78978294
0.7478635
0.8114533
0.86829287
0.8384021
0.85909015
0.811187
0.89091593
0.878704
0.81631386
0.8359966
0.8887308
0.8356477
0.8207295
0.836335
0.80377114
0.5826089
0.6378812
0.6620114
0.70355195
0.66129535
0.6594225
0.6950153
0.7901375
0.7453866
0.7938151
0.66722775
0.7034675
0.7276692
0.6934897
0.800389
0.9308724
0.7451092
0.68527156
0.7792473
0.6678696
0.74998546
0.5716942
0.6813498
0.6555454
0.67436075
0.69248563
0.69420445
0.7254868
0.68740195
0.80384356
0.761045
0.6668991
0.7378526
0.7103886
0.8313673
0.67791116
0.7457487
0.72137815
0.81771165
0.9484891
0.9436357
0.8881563
1.0029049
0.8505993
0.8111406
0.95471096
0.9984727
0.8992497
0.97127527
0.94629544
1.0063155
1.1358519
0.98716813
0.81142205
1.0438693
0.91235507
0.83405304
0.8641931
0.7241979
0.9329914
0.820453
0.85111016
0.9867004
0.93263537
0.7999909
0.8246517
0.8600655
0.8236803
0.8245006
0.7454383
0.7025865
0.762172
0.75592047
0.7768425
0.7756215
0.8396546
0.591865
0.68025905
0.7788361
0.7178966
0.8376082
0.7111693
0.7343547
0.72831553
0.8220362
0.7244409
0.7675546
0.81182426
0.76536685
0.716222
0.81261474
0.7697221
0.8408496
0.7945477
0.8808088
0.72621953
0.7213755
0.6166924
0.57462925
0.56865853
0.50089633
0.69298095
0.6613355
0.7058978
0.6635187
0.7177791
0.6258231
0.7619447
0.779838
0.7619284
0.7562154
0.7380564
0.6763511
0.6776202
0.76847786
0.711711
0.75479114
0.71764404
0.571934
0.63224804
0.5738224
0.6335209
0.57195354
0.70427364
0.7006215
0.68889135
0.79677176
0.70749384
0.7434621
0.69328684
0.6907547
0.7341467
0.78245705
0.7693006
0.732831
0.6862908
0.7776961
0.81800586
0.71626097
0.8274671
0.7248742
0.6518885
0.8024208
0.9585938
0.8809189
0.70908487
0.7234565
0.63099915
0.70740753
0.7999642
0.78928566
0.7200042
0.7361975
0.6868612
0.71369874
0.61985946
0.64991695
0.72404957
0.7531103
0.65707177
0.66091746
0.7806802
0.8645157
0.7765245
0.7419786
0.9001815
0.89335614
0.80385983
0.84570056
0.80045044
0.89157635
0.73567694
0.8156026
0.80103964
0.8068232
0.89384204
0.62637496
0.7512113
0.8977429
0.9722859
0.7904798
0.7946221
0.7688828
0.7677354
0.7395385
0.75407493
0.7626832
0.7553027
0.7576648
0.83942586
0.78607494
0.80687016
0.81132406
0.8343377
1.1387372
0.68484974
0.81329465
0.77996135
0.7621369
0.73044294
0.7768467
0.91343343
0.8251037
0.8088649
0.7515712
0.7400094
0.74416035
0.7788757
0.75839573
0.6827198
0.77061117
1.009381
0.9166918
0.7334276
0.78953254
0.78778815
0.73361707
0.84015954
0.7010353
0.7507182
0.7008837
0.82015824
0.7007489
0.6288186
0.7448078
0.84090173
0.689942
0.8186031
0.6259923
0.7009229
0.5361215
0.61841667
0.68155307
0.7082382
0.88776106
0.63536495
0.6842034
0.6421323
0.64558196
0.5228719
0.59595627
0.67341274
0.70845574
0.65629584
0.57715297
0.7723116
0.7916524
0.60526985
0.56145656
0.61273336
0.6466148
0.5429163
0.57235235
0.5347345
0.6773843
0.48022512
0.5199629
0.51461935
0.3898585
0.62707365
0.78082424
0.69667095
0.48717955
0.58636
0.76238227
0.78002924
0.57779205
0.7684733
0.3305809
0.4099256
0.36092934
0
0
0.82166594
2.607545
0.98894686
1.0422742
0.883907
0.88365024
0.74554163
0.73407525
0.72746915
0.67648095
0.7567744
0.78728616
0.7957527
0.82330185
0.7568186
0.7761245
0.7355524
0.7648571
0.66664445
0.5849099
0.48690206
0.6884914
0.74232143
0.700912
0.7500184
0.7754635
0.9377886
0.8208296
1.3296694
2.4422095
0.8846901
0.7457315
0.79466826
0.8321417
0.7799006
0.7991535
0.76213694
0.7823288
0.88075477
0.6084245
0.65919226
0.93894506
0.6833337
0.7552044
0.86024565
0.7810642
0.9763935
0.9109688
1.5574996
0.9245698
0.612046
0.5734617
0.6856758
0.9124855
1.2134006
1.7743832
3.6028419
0.9453811
0.6915104
0.9595143
1.2635568
0.66107124
0.6889197
0.9906111
0.8650275
0.9540184
1.4369116
1.4433708
0.80053794
1.1276377
0.77623636
0.6898743
0.76751596
0.67102283
0.66176224
0.7340182
0.8470326
0.82044154
0.7083128
0.8315129
0.7367449
0.7707095
0.61921424
0.7164534
0.6490382
1.0836055
1.1514293
0.86115897
0.81142807
0.92272526
0.8260162
0.7846148
0.8328194
0.825365
0.84160537
0.82537985
0.834076
0.8179985
0.9596492
0.9551005
1.1328113
0.85051036
0.7873911
0.9334946
0.6911648
0.8248852
1.9698815
1.0256501
2.2563562
0.9321344
0.89406794
0.8225238
0.7661196
0.74837196
0.7938132
0.790397
0.8707309
1.1238259
0.978444
0.80820924
0.96346307
0.7531404
0.8298344
0.7275478
0.9654037
0.7577054
0.7486743
1.345709
0.81590647
0.9534897
0.80645996
0.9318505
0.9290655
0.9556798
0.91371274
1.0082837
1.1161318
1.021841
1.0612335
0.92602074
1.0989356
0.92688787
0.7315312
0.71617043
0.76644576
0.7258183
0.7232877
0.7765328
0.69262385
0.83313674
0.8900709
0.75116444
0.7270081
0.7765431
0.7519613
0.88596547
1.0226705
0.78144705
0.7372232
0.77863944
0.7835284
0.778384
0.8447285
0.7703213
0.58888423
0.6560609
0.8873054
0.6796231
0.7393729
0.6523374
0.66054684
0.7177586
0.7332694
0.7288307
0.94770837
0.6910473
0.6891108
0.9564042
0.85224193
0.9226195
0.73995495
0.7754461
0.8852733
0.6845081
0.6744264
0.7086434
0.71926546
0.6991284
0.6896872
0.7370307
0.7552801
0.6708608
0.62728304
0.6775045
0.69484174
0.7114066
0.7104891
0.7055509
0.74036723
1.0648476
0.8507509
0.9714355
0.8455801
0.9295162
0.85154855
0.88603735
1.0005084
1.0407981
0.86672103
0.83382744
0.931656
0.8576282
0.7157495
0.6083857
0.67073894
0.6780275
0.6408867
0.60803556
0.71506876
0.7548854
0.75090724
0.69795394
0.8275427
0.80099195
1.2073926
1.2446805
0.9376615
0.80240375
0.83357984
0.7914099
0.6752367
0.6627306
0.7505502
0.7655988
0.93007165
0.64817446
0.7112132
0.8365985
0.70104194
0.66764534
0.8643963
0.7282274
0.7442071
0.80567163
0.7921075
0.85859257
1.0938889
0.9283551
0.97796685
0.7126596
0.86062986
0.8678474
0.54700017
0.6246166
0.9369171
0.75614107
0.70106065
0.7648312
0.91575974
0.76251
0.7410284
0.81772083
0.8653616
0.8193245
0.81034565
0.7428115
0.9184909
0.90997875
0.8546564
0.93062204
0.8522046
0.5752915
0.71298337
0.824257
0.71704465
0.8491167
0.71054214
0.82527155
0.8088034
0.8845926
0.9832242
0.88914865
0.80480945
0.8707885
0.86185485
0.8554866
0.8466209
0.8849881
0.79767495
0.8094266
0.88643926
0.854077
0.7420543
0.64079046
0.6438299
0.67406994
0.70213026
0.8644959
0.8075798
0.76403564
0.7857133
0.78547823
0.80851316
0.7575767
0.7477429
0.8420018
0.82140225
0.78586674
0.838141
0.7506897
0.8166017
0.6464351
0.8139377
0.84693706
0.5201661
0.59283614
0.64307755
0.64880615
0.69502926
0.7457792
0.8888555
0.73666376
0.82161176
0.87370914
0.82183176
1.0288854
0.7580648
0.84759426
0.80443484
0.89440536
0.7754424
0.90762526
0.8578184
0.759439
0.7481674
0.57044494
0.6459164
0.6196814
0.65072495
0.63369244
0.9572221
0.8106642
0.8100736
0.88128406
0.85638714
0.7897693
0.757708
0.9423464
0.8312807
0.9967547
0.86441636
0.80351704
0.9327286
0.8705585
0.816997
0.8099787
0.6369968
0.66708124
0.8247552
0.81794727
0.75928324
0.9068804
0.7781285
0.89476126
1.0493422
1.0437456
1.006879
0.9653625
0.8771972
0.8993462
0.87871706
0.9389412
0.87029886
0.8394762
0.8109219
0.61661345
0.65600693
0.7036203
0.66851246
0.70709217
0.6879685
0.7240379
0.7443936
0.8461364
0.79840666
0.7462462
0.77799714
0.7572634
0.83699435
0.75410855
0.8023582
0.8921879
0.86270356
0.8084897
0.863345
0.8663675
0.6331621
0.70530576
0.6433428
0.705486
0.711506
0.7126135
0.6776402
0.74192834
0.85658795
1.0151974
1.0697155
0.9831556
0.96989006
0.80792135
0.88248634
0.73277473
0.830365
0.91995156
0.7106922
0.632167
0.8461594
0.6106865
0.6569189
0.62050676
0.63428247
0.7167344
0.6835009
0.78949904
0.7314467
0.8042035
0.82891285
0.85817474
0.8056409
0.84807575
0.85451686
0.8518828
0.8472791
0.8502368
0.89942217
0.94134057
1.0735565
0.9059476
0.8123521
0.77095467
0.7710019
0.73936
0.6715463
0.7491909
0.6492585
0.7770717
0.6561799
0.71427906
0.63397145
0.7380776
0.68994206
0.7522601
0.7280861
0.702347
0.6987914
0.6521511
0.82598656
0.77250284
0.79542
0.75777316
0.73150724
0.70654917
0.626663
0.6800606
0.66797125
0.76227385
0.8979882
0.8607999
0.728773
0.75149095
0.78473186
0.80621177
0.7933407
0.78933346
0.69351816
0.7786425
0.7104913
0.77648294
0.8022293
0.7890272
0.81450176
0.8407642
0.607834
0.8571627
0.7434866
0.7409847
0.9165915
0.89982367
0.8606653
0.96045965
1.0476921
0.91548
0.9411116
0.84552646
0.84693307
0.99885243
1.1012431
1.2048428
1.0010986
0.9725612
0.76260656
0.8657574
0.823815
0.8865708
0.7984088
0.9185333
0.82136005
0.7474567
0.7733437
0.8666826
0.79778343
0.71404845
0.7316387
0.74082303
0.81104064
0.77211183
0.8256175
0.7568215
0.82949495
0.8741931
0.81433827
0.67622614
0.71325916
0.764243
0.78727454
0.827988
0.8225031
0.7802503
0.7336411
0.88128173
0.8718297
0.9217062
0.862717
0.9422341
0.93456566
0.9574884
1.0134904
0.9185946
1.0920812
1.0696963
0.9732552
0.7743811
0.81101704
0.79823035
0.75872725
0.758601
0.66326416
0.85772353
0.69973713
0.75485647
0.7416793
0.692703
0.7863791
0.7865372
0.8038954
0.87004703
0.82301587
0.8678745
0.79863095
0.7491031
0.7847409
0.793457
0.81596124
0.87339413
0.74087125
0.77435267
0.6871908
0.9758564
0.7832425
0.7874057
0.8145129
0.83291405
0.9164251
0.6982267
0.8143127
0.8094795
0.7837251
0.7927039
0.6776715
0.7968421
0.79792124
0.71420807
0.7963725
0.7209176
0.72176754
0.8373676
0.8052913
0.8182181
0.7815283
0.7955745
0.7389926
0.79735166
0.79670066
0.8385561
0.75939715
0.9041809
0.8291337
0.9358032
0.78969604
0.88062173
0.83370167
0.840703
0.5934307
0.5580652
0.7179136
0.73134285
0.6702773
0.78744805
0.6647883
0.7798634
0.92028546
0.8793807
0.8966709
0.94961226
0.84142315
0.96260995
0.89842737
0.9522257
0.9457701
1.0315884
0.9527775
1.0684739
0.8340669
0.6517572
0.6822907
0.76630557
0.7659996
0.7864773
0.7225075
0.80174273
0.85051584
0.7841168
0.8414935
1.0796113
0.790868
0.799987
0.8086791
0.7083004
0.7345224
0.6931247
0.82555926
0.7292931
0.77693075
0.71965635
0.86497205
0.7277395
0.7807962
0.8915991
0.7883382
0.87227803
0.78944504
0.9199676
0.898092
0.87030584
0.96067905
0.78362584
0.89800656
0.81208247
0.8027725
0.7733383
0.803788
0.6416045
0.6427151
0.69831777
0.7560512
0.71591777
0.73058385
0.787425
0.7640921
0.73277456
0.70877385
0.8204349
0.7412708
0.82344586
0.8254182
0.91116416
0.84415716
0.8318468
0.78478694
0.819632
0.83003354
0.624416
0.6469667
0.72388154
0.7107784
0.82417035
0.84820783
0.91003126
0.81939965
0.7754296
0.9088922
0.80739707
0.7997918
0.8924108
0.8463163
0.7692433
0.8419785
0.9489553
0.9762849
0.9407241
0.86862445
0.91891074
0.87166935
0.7797946
0.91079587
0.89973974
0.7287407
0.77941275
0.78465587
0.76324403
0.75251406
0.82224125
0.75981283
0.816963
0.8797272
0.80932456
0.85382026
0.8019271
0.8642553
0.87562495
0.80511564
0.6637018
0.7755259
0.779048
0.7191147
0.7820185
0.7468691
0.7682898
0.77946377
0.7929119
0.81925535
0.76049113
0.7510048
0.75821793
0.85657376
0.7618813
0.819418
0.7110976
0.68791354
0.72036946
0.7512472
0.8380335
0.6252949
0.59694433
0.4347102
0.5835153
0.40056142
0.5405172
0.60431534
0.63289213
0.63649327
0.6534077
0.69309
0.6901515
0.7172224
0.6598015
0.7776987
0.7051649
0.62097794
0.6765987
0.68900937
0.75266
0.6641761
0.70548785
0.6757479
0.6852344
0.84896266
0.83290064
0.84656376
1.0192897
0.85817003
0.84614974
0.9768867
0.99552584
0.9176195
0.9431568
0.93056035
1.0069474
1.1262472
0.99879766
0.80489343
1.0585682
0.9343344
0.7343284
0.8099721
0.69352245
0.9463285
0.8219503
0.86330885
1.0175554
0.97531873
0.8638545
0.87092084
0.9225815
0.90333444
0.9014487
0.85351616
0.82508576
0.8715617
0.84982675
0.85415345
0.86505044
0.92353207
0.5084039
0.5801372
0.8416493
0.7353589
0.8779196
0.7936363
0.79772526
0.81682914
0.88044333
0.7751468
0.83274496
0.850579
0.7734889
0.77307165
0.8464927
0.8187697
0.901081
0.84311885
0.9047955
0.7796855
0.6138329
0.75676584
0.71116465
0.67731065
0.5580767
0.7963012
0.7162855
0.697052
0.7111196
0.75555223
0.6671116
0.80295855
0.7673245
0.7592455
0.8047632
0.7657065
0.6856945
0.7032794
0.7914045
0.7020638
0.7501823
0.72210276
0.5258036
0.6483069
0.6151353
0.6653082
0.61645395
0.7362564
0.7572961
0.7435555
0.85738933
0.74394846
0.7760083
0.693948
0.694028
0.7342654
0.7744524
0.7325587
0.71874464
0.6708791
0.7988897
0.8271186
0.6490848
0.7388524
0.69203854
0.67240703
0.7937077
0.9468723
0.87292755
0.77676165
0.76038057
0.6793882
0.78444177
0.81895137
0.79899853
0.75153023
0.76808
0.7452968
0.7355264
0.6864697
0.6788662
0.78149694
0.81526196
0.63880897
0.6793342
0.7781125
0.8420153
0.75838184
0.7659836
0.88785034
0.9016666
0.7836892
0.84356666
0.8021797
0.88221043
0.7430622
0.8534521
0.8255533
0.8000191
0.8700606
0.79223084
0.85477436
0.94349617
0.8518916
0.7434034
0.752758
0.73379886
0.7503304
0.6816071
0.6975066
0.79414016
0.7440027
0.7824378
0.83133745
0.7619247
0.8082051
0.81610376
0.83167243
1.1225648
0.9176469
0.7520384
0.80118763
0.7410052
0.68223256
0.7639382
0.8640647
0.77551025
0.7680753
0.69336045
0.6831677
0.68714267
0.7402849
0.70965105
0.6179602
0.7318208
0.9609478
0.86958325
0.70336074
0.7335988
0.75024754
0.7202094
0.81666005
0.62227887
0.71394753
0.62832034
0.7876298
0.65330774
0.59999627
0.7264729
0.8390814
0.67477685
0.82210255
0.6167707
0.6988981
0.5461627
0.6357698
0.6584487
0.7448774
0.9243535
0.65730953
0.7001298
0.66446805
0.645842
0.54123074
0.6189263
0.68228763
0.7294154
0.6902748
0.63304484
0.7914531
0.78400224
0.614507
0.5706303
0.5942937
0.64707386
0.56511706
0.605178
0.5681695
0.68844515
0.47426948
0.5598593
0.5014057
0.3788265
0.6511079
0.82073116
0.7401022
0.5581543
0.6315928
0.8073443
0.80425715
0.59017247
0.81053436
0.42210725
0.3937643
0.35803628
0
0
0.82166594
2.607545
0.98894686
1.0422742
0.883907
0.88365024
0.74554163
0.73407525
0.72746915
0.67648095
0.7567744
0.78728616
0.7957527
0.82330185
0.7568186
0.7761245
0.7355524
0.7648571
0.66664445
0.6287516
0.59666854
0.7162289
0.7561564
0.70659304
0.7158002
0.78468996
0.94311273
0.795864
1.3303242
2.4151866
0.8767089
0.78697175
0.827417
0.7837794
0.84487516
0.83202565
0.78896946
0.82294273
0.9133668
0.6084245
0.65508103
0.9250617
0.6606045
0.7066201
0.8720767
0.7709369
0.9570695
0.8962131
1.534942
0.8990483
0.60525036
0.5406528
0.65475446
0.89036024
1.1894712
1.7593193
3.6031868
0.9252584
0.708994
0.9722658
1.2366098
0.6439812
0.71776867
1.0326293
0.9236465
1.0353904
1.4326891
1.436788
0.8417049
1.0772885
0.77822465
0.65306157
0.77103335
0.6419058
0.60898495
0.722736
0.80446494
0.83134574
0.72274226
0.8301239
0.71695256
0.78710926
0.62151855
0.71991384
0.6338853
1.0783995
1.1445853
0.84563327
0.78884405
0.9204864
0.833283
0.76704484
0.8432131
0.82128245
0.8274298
0.7770432
0.8224952
0.8081695
0.9523827
0.9283696
1.0945321
0.98354083
0.93532014
0.8751029
0.6383996
0.7897742
1.9528809
0.9842293
2.2324264
0.9076084
0.8895163
0.7972893
0.7640051
0.76872534
0.7602556
0.77719086
0.85859257
1.1075456
1.0954887
0.9466351
1.0465585
0.7994421
0.9057275
0.7897835
0.9914097
0.8494764
0.82706875
1.3710788
0.8422703
0.9581003
0.82406306
0.9369254
0.9451894
0.962541
0.7591373
0.9221802
1.0299035
0.9957439
1.020237
0.927339
1.0677055
0.91003287
0.8223029
0.7577336
0.8179391
0.8030848
0.8117981
0.8788315
0.8009839
0.9511105
0.95475435
0.8346224
0.8530788
0.8852479
0.8451466
0.9421244
1.0785217
0.8763847
0.8307566
0.86744726
0.86029327
0.88553196
0.9513045
0.8581252
0.95158017
0.95254415
1.1636153
0.93386114
0.9200227
0.94320863
0.8636804
0.9818928
0.65780014
0.7464635
1.012044
0.6963798
0.7166486
0.97431254
0.8797558
0.957028
0.6929246
0.770039
0.87556684
0.87970173
0.78218025
0.770337
0.8012102
0.7474781
0.6953437
0.7792395
0.797213
0.7047317
0.73830694
0.6860207
0.7172032
0.74137557
0.80893683
0.7598538
0.75138074
1.0627443
0.84833115
0.9777672
0.8747833
0.91332954
0.7816702
0.8800178
0.9912698
1.01079
0.870874
0.859113
0.9449679
0.898551
0.4891971
0.65301675
0.6979537
0.73555434
0.7043306
0.6747373
0.8004661
0.8524145
0.8543979
0.77861995
0.8872102
0.8636487
1.2732426
1.2789329
0.99647754
0.8928396
0.9397696
0.93401843
0.8012215
0.7845738
0.8533466
0.67562836
0.8820967
0.72137207
0.74840957
0.8219703
0.6961795
0.70531195
0.87472695
0.7256946
0.7174342
0.7887256
0.7752396
0.847087
1.0923405
0.9247118
0.9607286
0.6729636
0.8318896
0.62999886
0.6104266
0.7118144
1.0811088
0.8054416
0.7003967
0.7285939
0.8976667
0.73620814
0.7120895
0.8053081
0.8278335
0.7815821
0.74399364
0.71571016
0.87293303
0.8954459
0.85129106
0.8806452
0.76936847
0.7343713
0.80815476
0.8901043
0.76368475
0.87693137
0.7087636
0.8473376
0.84698325
0.8848733
0.7543644
0.66435647
0.646769
0.7140422
0.73371154
0.71307164
0.76730585
0.77710855
0.7272178
0.7597962
0.8354045
0.78354704
1.0319377
0.8836363
0.8188088
0.77712864
0.7845685
0.74510705
0.70701593
0.72775286
0.7515906
0.7240976
0.7363346
0.6826483
0.7027641
0.78917605
0.8160426
0.781672
0.78211886
0.73815894
0.81918633
0.7058231
0.8027023
0.83693475
0.7424641
0.7794065
0.7742501
0.7636963
0.77464485
0.54340947
0.64705694
0.6435599
0.70252746
0.7777763
0.7577587
0.98574686
0.78837824
0.83451223
0.80444294
0.89297456
0.8209986
0.897264
0.8728662
0.79964745
0.8122467
0.7947579
0.82060474
0.7948074
0.75892955
0.6339277
0.94808173
0.79451543
0.85012364
0.87645876
0.8878008
0.81812775
0.7792045
0.96569073
0.8471791
1.0102118
0.8948223
0.8284078
0.96614295
0.8946648
0.8323296
0.8551837
0.8703062
0.57500374
0.68966246
0.71727014
0.7166219
0.79942816
0.7521279
0.8455669
1.0127964
1.0414984
0.99428153
0.94913775
0.8588397
0.8936665
0.8517367
0.8958896
0.83954924
0.783258
0.7368206
0.7346042
0.7292834
0.73265135
0.50240356
0.615463
0.6542153
0.7059516
0.7116032
0.7825642
0.759994
0.72852004
0.7708788
0.78803796
0.83732677
0.77844745
0.8124247
0.8874793
0.86231387
0.81437504
0.85512966
0.85991955
0.8280115
0.844196
0.5938695
0.670528
0.7170164
0.67114574
0.61869955
0.7422647
0.8455631
0.98858714
1.059239
1.0000999
0.95985746
0.8194475
0.8833589
0.7193371
0.81397706
0.9244703
0.73236626
0.6652885
0.8473813
0.7520083
0.7409461
0.6682439
0.56587523
0.6591246
0.5977648
0.6943596
0.61837375
0.6921557
0.7097289
0.7758151
0.7416574
0.7812345
0.7807175
0.7982487
0.7541169
0.7294189
0.8090775
0.87535596
0.9847136
0.82282394
0.85748047
0.8239494
0.72585416
0.7088362
0.6255042
0.73115224
0.61755127
0.7734611
0.6278694
0.6777477
0.63836086
0.7431703
0.72771287
0.7790752
0.7923004
0.72848564
0.7358116
0.6975901
0.8589904
0.8120035
0.829402
0.81351477
0.7867442
0.7419671
0.6019822
0.63204044
0.63303035
0.7365473
0.8769364
0.8322192
0.69239163
0.73138005
0.73712647
0.7466018
0.7719466
0.75724083
0.68017733
0.7241417
0.68248457
0.7180311
0.77015543
0.72198933
0.7452006
0.79561025
0.5630395
0.85682774
0.7373914
0.73392
0.88802147
0.9132036
0.8680124
0.9598278
1.026521
0.8891425
0.90980726
0.82888734
0.8233956
0.9775652
1.0815862
1.1712198
0.9801638
0.9449602
0.79090047
0.86971766
0.79654515
0.85542315
0.7798829
0.90817094
0.801732
0.7389695
0.74613345
0.81517345
0.75057775
0.6869958
0.7023468
0.70831233
0.7821779
0.7352412
0.77199364
0.74165416
0.8101097
0.8598393
0.79087144
0.7922421
0.5913951
0.695163
0.74128276
0.7722234
0.7996974
0.7430024
0.68197215
0.857102
0.8194048
0.8736801
0.8015202
0.84996027
0.87175053
0.88658804
0.9247543
0.8361667
0.9871418
1.0219524
0.8716427
0.91384304
0.68569386
0.7279171
0.6940496
0.7054074
0.6207287
0.84865624
0.674663
0.73968303
0.72637254
0.6640632
0.77017033
0.7859088
0.79428947
0.8664798
0.8193132
0.8585875
0.7874602
0.7550059
0.79301643
0.7647282
0.8147457
0.8583146
0.7126953
0.7804013
0.6626381
0.9570246
0.7838548
0.77732724
0.8172855
0.8178248
0.910595
0.6996511
0.82291645
0.8196095
0.7956483
0.7898194
0.7356172
0.8093891
0.8230372
0.72996134
0.80802184
0.7292258
0.74427474
0.8708852
0.8146384
0.8167692
0.76481205
0.8129332
0.72683537
0.827928
0.8186974
0.8186221
0.78056353
0.9188418
0.85418755
0.9353518
0.7897491
0.87342346
0.86314344
0.8711024
0.77485824
0.70837533
0.7613678
0.7617253
0.72523975
0.79072315
0.6412401
0.7742003
0.93493646
0.8783774
0.8970766
0.9632086
0.82921904
0.95453024
0.91422546
0.9512993
0.95302916
1.0234923
0.97059274
1.0674515
0.956235
0.7481848
0.66708076
0.75480473
0.760732
0.797619
0.6914053
0.7975
0.80787355
0.7383658
0.8090027
1.0671449
0.76090956
0.76064646
0.7896754
0.67049044
0.70932627
0.6757964
0.7996105
0.68319535
0.75857437
0.77391607
0.7646337
0.67056847
0.7418519
0.8291563
0.73755586
0.8151941
0.77656615
0.84921837
0.824803
0.8406702
0.91376156
0.7414647
0.84665066
0.79876107
0.7590357
0.7262636
0.78084993
0.5683749
0.6231665
0.6521986
0.68858343
0.6889134
0.7037919
0.77490544
0.76163614
0.708634
0.6665797
0.8239462
0.73832834
0.78141737
0.7941717
0.8666667
0.7786388
0.8180016
0.7819564
0.7963016
0.79000676
0.7659586
0.5361069
0.66224897
0.6270029
0.73715776
0.7896368
0.8833878
0.8018265
0.74797547
0.88398755
0.7785857
0.8060317
0.8261743
0.80282503
0.7518601
0.8076236
0.94071966
0.97751695
0.91954887
0.867167
0.9279212
0.8399199
0.77213067
0.89742947
0.8617126
0.7026068
0.7415198
0.77111673
0.7636945
0.7378356
0.8462401
0.7739105
0.8205155
0.91194296
0.819446
0.8574567
0.82111335
0.8865748
0.8695329
0.7845055
0.82722455
0.8596005
0.85281783
0.8152577
0.82547164
0.7952319
0.6123718
0.6628758
0.69145644
0.73826003
0.6701423
0.6579079
0.7408034
0.81609637
0.7354166
0.7770687
0.6677777
0.68278384
0.7057658
0.69017553
0.77594835
0.9191439
0.7365653
0.7083038
0.76067877
0.65704954
0.5833147
0.6218204
0.6970049
0.63527244
0.66274405
0.7052467
0.6870171
0.76169753
0.6814484
0.805624
0.77474016
0.6392905
0.7193198
0.7268941
0.8532592
0.70945024
0.732863
0.741737
0.7949354
0.96278805
0.8851556
0.85830593
1.0780654
0.8936754
0.8707824
0.99710304
1.0380943
0.9510098
0.9976182
0.99258924
1.0567676
1.1739582
1.025341
0.8672975
1.076265
0.9631955
0.88656324
0.7230572
0.64792097
0.85311747
0.75684214
0.7915792
0.9445836
0.9030097
0.7902608
0.7835966
0.87700784
0.85956615
0.83328295
0.808896
0.76293033
0.8165616
0.8035992
0.81615895
0.83979136
0.90515786
0.78375983
0.77271897
0.7477521
0.6818695
0.83805937
0.75634533
0.7910916
0.77462983
0.8981581
0.73140776
0.795674
0.83172536
0.7687941
0.7253994
0.81963545
0.7714041
0.84328073
0.79499847
0.8751807
0.73820394
0.68057996
0.652514
0.5990607
0.59632564
0.5607075
0.74333036
0.6376944
0.7211628
0.69973695
0.77620524
0.6879012
0.78834623
0.78618765
0.74934465
0.78380215
0.79484034
0.6761576
0.69962156
0.79621845
0.73091483
0.7891168
0.7408094
0.6202485
0.6856153
0.6030509
0.62889326
0.5084394
0.7030874
0.72105783
0.6688014
0.81922257
0.68853104
0.743346
0.66259366
0.6585081
0.7367712
0.7685713
0.7258945
0.70180494
0.6542351
0.76491714
0.824925
0.75485873
0.80668855
0.6486315
0.61796117
0.77082396
0.9359614
0.8313336
0.68843424
0.66660726
0.6099395
0.71520245
0.77116436
0.7572148
0.7111435
0.721082
0.71346456
0.71419007
0.6196651
0.59434885
0.7010214
0.7685514
0.6652786
0.6936367
0.7978303
0.8700937
0.7364369
0.7422005
0.8881946
0.87698674
0.76056767
0.7855905
0.7552859
0.8322856
0.6159386
0.712384
0.7367582
0.6852785
0.8283751
0.69648165
0.6969926
0.879417
0.9123923
0.7022845
0.68833447
0.7014654
0.65360326
0.5848816
0.60621333
0.6577424
0.6207138
0.6250795
0.6905032
0.58324164
0.684856
0.66645056
0.7073592
1.0004193
0.6897329
0.8070631
0.79040056
0.76059085
0.73756796
0.789114
0.9036588
0.81985474
0.8191429
0.7664591
0.76380557
0.7718306
0.81688404
0.79166317
0.7345079
0.79778695
1.0383589
0.6617214
0.5961645
0.6770645
0.7466642
0.6989909
0.7580915
0.7885603
0.8297758
0.78160733
0.91956013
0.766291
0.7333859
0.8820397
0.957121
0.7703351
0.95686203
0.73544073
0.81684625
0.6289769
0.75140935
0.76563954
0.6115016
0.7735023
0.59210134
0.6197942
0.59665847
0.65302396
0.45415965
0.49291357
0.6148945
0.6470191
0.62051606
0.5289149
0.696744
0.737255
0.5544303
0.50068283
0.5095549
0.59284145
0.4382119
0.5089228
0.44296312
0.60111946
0.39820248
0.447522
0.4319977
0.29385433
0.54252505
0.7251777
0.6030934
0.46567494
0.5283143
0.72134584
0.71812767
0.49550742
0.7187601
0.21613604
0.24934025
0.24533312
0
0
0.82166594
2.607545
0.98894686
1.0422742
0.883907
0.88365024
0.74554163
0.73407525
0.72746915
0.67648095
0.7567744
0.78728616
0.7957527
0.82330185
0.7568186
0.7761245
0.7355524
0.7648571
0.66664445
0.5849099
0.48690206
0.6884914
0.74232143
0.700912
0.7500184
0.7754635
0.9377886
0.8208296
1.3296694
2.4422095
0.8846901
0.7457315
0.79466826
0.8321417
0.7799006
0.801825
0.7645041
0.78391004
0.8689042
0.6442295
0.6932262
0.94383234
0.6650354
0.7351862
0.86214143
0.7829063
0.9486994
0.89815277
1.5375319
0.9216225
0.70305806
0.60916406
0.6787709
0.9256296
1.209431
1.7930225
3.6065426
0.9636471
0.7641469
1.0113412
1.2406238
0.65526694
0.66856897
0.9998118
0.86846834
0.9810424
1.4206833
1.4228127
0.76877385
1.0656649
0.7395313
0.6363831
0.69589275
0.59393287
0.5636252
0.67524165
0.74660283
0.8134257
0.6976478
0.8490589
0.7229512
0.78058606
0.57405376
0.6826497
0.6582627
1.0815641
1.1676538
0.8576349
0.7870465
0.9220482
0.8496986
0.78829265
0.8494988
0.8417418
0.8362132
0.78957653
0.7813224
0.8207632
0.94253176
0.94183666
1.1191646
0.80002713
0.7496985
0.93069404
0.6970404
0.8532486
1.9703739
1.0090002
2.2405782
0.9150788
0.89445674
0.77873325
0.7038493
0.7138597
0.36757484
0.4422288
0.5533894
0.8642817
0.87130994
0.81723624
0.93233055
0.818044
0.8766544
0.76311153
0.9672255
0.79736847
0.7752118
1.3616127
0.83157265
0.974107
0.8217247
0.9295243
0.9294812
0.9674807
0.7852915
0.9562422
1.0974133
1.0133829
1.0526909
0.91099364
1.0824606
0.9196335
0.78982097
0.72987205
0.7863961
0.7626375
0.7455934
0.84464717
0.7330826
0.902104
0.92555285
0.82214415
0.8365843
0.8644264
0.7889719
0.92254597
1.0450622
0.84582686
0.81061006
0.8377443
0.84995586
0.8605952
0.9143823
0.83131105
0.93071294
0.92942715
1.1661496
0.94268703
0.96399003
0.93967795
0.8439265
0.97341746
0.62226444
0.7073275
0.9912199
0.64768606
0.69668955
0.96119726
0.86260015
0.9600304
0.6978027
0.75519603
0.86791146
0.89496213
0.80401194
0.7572396
0.80548996
0.77790093
0.76329744
0.7991937
0.8081416
0.69943887
0.71223587
0.6829769
0.69516003
0.7088583
0.78098977
0.7115546
0.6989222
1.0283458
0.83813626
0.976435
0.8544157
0.86902493
0.79000777
0.82469636
1.0012044
1.0305549
0.85306925
0.83563
0.9325475
0.8516496
0.53933567
0.6263837
0.69345844
0.73698807
0.72815603
0.7183572
0.8006161
0.84674007
0.8415275
0.79254663
0.88178074
0.8713133
1.2653143
1.3051734
0.993789
0.9089343
0.9389575
0.9316466
0.7862875
0.8128448
0.6257272
0.7290455
0.9000771
0.7500934
0.80921364
0.91263217
0.804665
0.7575805
0.9152869
0.77179617
0.7699429
0.82238775
0.80060375
0.8831388
1.1196276
0.9639545
0.9965238
0.695759
0.84804606
0.6171022
0.6367257
0.74705404
1.0827606
0.8004456
0.66602916
0.70672244
0.8627301
0.7064222
0.6679461
0.7487755
0.7800302
0.7808688
0.73740554
0.71808434
0.8465637
0.8317881
0.81652784
0.84920114
0.7577353
0.72130597
0.75584143
0.8557451
0.73626876
0.8293508
0.6626868
0.8271429
0.8135926
0.861471
0.73879755
0.67258716
0.6394588
0.7219227
0.68484306
0.6923954
0.7550348
0.7640905
0.68895906
0.7550844
0.7891298
0.7812661
1.0105256
0.856963
0.79781926
0.795052
0.7647322
0.80243224
0.77205247
0.7838299
0.8116293
0.7713642
0.76576793
0.73237973
0.7112733
0.803995
0.8030719
0.78290635
0.8304467
0.7708495
0.81147724
0.71140563
0.8478112
0.8638038
0.8027272
0.8036139
0.80788606
0.6498288
0.7294712
0.75453633
0.8954457
0.7466481
0.823929
0.84407556
0.84083915
1.0110343
0.7987593
0.83548594
0.83035016
0.8841041
0.8023806
0.925787
0.8672859
0.7881638
0.778627
0.8072917
0.83223486
0.59947664
0.6375533
0.6673102
0.8915333
0.8056019
0.8182053
0.8529525
0.9087047
0.8440173
0.8491843
1.02385
0.88295543
1.0641772
0.9363753
0.896114
1.0149803
0.95426077
0.90842664
0.89541996
0.9252908
0.52389276
0.6341498
0.6584201
0.6417354
0.7419008
0.654482
0.7795092
0.94639957
0.9850844
0.9619824
0.9162472
0.78641444
0.86025184
0.8107768
0.882452
0.8100764
0.75027174
0.7322171
0.7087617
0.70882
0.68415624
0.53197634
0.6350813
0.61786723
0.7196475
0.74298376
0.7654872
0.7901712
0.7289318
0.75493336
0.75828725
0.82309884
0.7443187
0.824711
0.8992171
0.8796623
0.814456
0.8605732
0.86369354
0.8407906
0.8622601
0.66509867
0.7072876
0.7312112
0.7330696
0.66327
0.7546354
0.8819247
1.0628586
1.1108909
1.0348588
0.9881922
0.8449717
0.90008926
0.73909646
0.8756496
0.9397739
0.7652491
0.69185406
0.8544281
0.7408951
0.7418541
0.6855011
0.5490875
0.6549029
0.6242842
0.7035988
0.6601176
0.7159827
0.75420046
0.78203005
0.7573252
0.7671201
0.75526774
0.7205762
0.7288178
0.74483824
0.78841025
0.8456025
0.99216294
0.83571565
0.8583033
0.7955511
0.72929436
0.72678465
0.64359456
0.7439556
0.65428525
0.7856022
0.6753593
0.7161475
0.6786144
0.77305627
0.7456525
0.80494374
0.76974887
0.7150958
0.7547631
0.7082943
0.8581416
0.8392506
0.8402717
0.8270396
0.78434867
0.7372398
0.61774504
0.66602933
0.65999466
0.7528909
0.8590024
0.82139575
0.7075083
0.7419011
0.72516733
0.7413262
0.773822
0.74173766
0.64512736
0.71774143
0.62889314
0.7238001
0.763041
0.71358126
0.725959
0.7878091
0.57087964
0.842217
0.703276
0.70183825
0.85191715
0.86657214
0.8156796
0.9401394
0.9960953
0.8731923
0.91122395
0.8155229
0.8229414
0.95988804
1.0849868
1.1584092
0.98715377
0.9536117
0.76234406
0.844302
0.8136586
0.8778234
0.78379244
0.9154378
0.83255464
0.76423
0.8086309
0.8673441
0.8079006
0.7244243
0.7659353
0.765862
0.82580364
0.76843774
0.82493883
0.7929031
0.8171997
0.8865864
0.8179409
0.6382001
0.7038837
0.7748811
0.7817265
0.7853256
0.81075126
0.7688686
0.74101645
0.8818119
0.8818809
0.9180794
0.8302555
0.9108598
0.9204858
0.94148815
0.9935792
0.9134709
1.0755496
1.0492797
0.94771594
0.8009325
0.8184205
0.81675524
0.78449464
0.7622569
0.66304374
0.90552
0.7267124
0.7814517
0.7717233
0.71478707
0.8073304
0.8332611
0.8191003
0.88730156
0.84086907
0.8735541
0.8009633
0.79989433
0.80993193
0.80506504
0.83043253
0.8505352
0.7514722
0.78144103
0.6895728
0.964732
0.7893886
0.80253154
0.844975
0.83187675
0.91982865
0.69716644
0.8198261
0.78759736
0.78523815
0.7571477
0.6896501
0.7764793
0.79529095
0.6896634
0.7864908
0.68711305
0.69043267
0.83141035
0.8110644
0.82281154
0.7646386
0.7983865
0.6826285
0.7806298
0.81893
0.82258075
0.76366246
0.8805346
0.8086257
0.94670486
0.8043763
0.85442114
0.79939735
0.8447529
0.61015177
0.5516927
0.6719954
0.7244362
0.6629272
0.7887987
0.61326087
0.7514015
0.9358701
0.87679714
0.9081383
0.94473314
0.8218758
0.96987283
0.9007152
0.9261808
0.95417315
1.0096467
0.97776824
1.0598469
0.92765087
0.6143012
0.6560355
0.74801844
0.79156935
0.7897838
0.6895056
0.80456966
0.83808476
0.75455445
0.86037123
1.0972929
0.7941192
0.78148
0.8107911
0.6884705
0.74642634
0.6978048
0.8056499
0.7048757
0.75885123
0.7844485
0.7555626
0.66385573
0.70846903
0.8428647
0.73145896
0.8154336
0.76873106
0.85606736
0.8023905
0.79248744
0.89227265
0.6928878
0.8392291
0.76209044
0.7085451
0.70849216
0.74089384
0.7107678
0.6866776
0.688357
0.6283496
0.5979312
0.6565841
0.74608123
0.6800546
0.6650297
0.61572796
0.7399527
0.688195
0.7569926
0.7321583
0.83590084
0.7296283
0.7731127
0.71059436
0.7120176
0.73573536
0.6917961
0.6977124
0.76054674
0.53033835
0.67319936
0.6754279
0.7602837
0.7007148
0.6319463
0.8073532
0.73507833
0.7549067
0.7989024
0.79876304
0.69141847
0.77458924
0.8951771
0.9517045
0.91654813
0.80817574
0.8576599
0.8747036
0.8093459
0.74683857
0.7677296
0.5794567
0.6450032
0.7217638
0.73905563
0.70000154
0.8130191
0.6842837
0.7879591
0.8484647
0.78042394
0.7965464
0.7764218
0.80799514
0.8243673
0.7831923
0.79085726
0.88146454
0.8276601
0.81785196
0.81852514
0.56809556
0.6179638
0.61418396
0.62491935
0.68480706
0.6601478
0.64517885
0.6933579
0.78509676
0.7094368
0.7620172
0.61178434
0.67065275
0.69722015
0.6689281
0.74406713
0.9254676
0.7248017
0.6325739
0.72802436
0.63571817
0.5970978
0.64603055
0.68446827
0.6488595
0.6771704
0.70095354
0.6845084
0.75704813
0.7024262
0.8162395
0.75309545
0.6784999
0.7295321
0.72921306
0.85542184
0.7063779
0.74762756
0.73865837
0.81589466
0.930987
0.87564063
0.8963804
1.0942701
0.93701565
0.88569236
0.9791301
1.0063184
0.9253167
0.9807427
0.956146
1.0260044
1.1613908
1.010902
0.8196347
1.0537003
0.9403642
0.8632832
0.71060646
0.6499638
0.86393815
0.7625776
0.79144883
0.93546224
0.90720624
0.7720096
0.78349334
0.8730651
0.85252154
0.8540585
0.80462056
0.74516976
0.81620145
0.7980168
0.8311865
0.80753464
0.905717
0.7438671
0.8068108
0.6994166
0.6692446
0.80598754
0.69131213
0.7506213
0.786917
0.85097736
0.73018295
0.77415305
0.8123739
0.7313565
0.6781617
0.78836745
0.7890291
0.80632854
0.7624535
0.8621335
0.70435214
0.69459915
0.64947605
0.6299259
0.6331628
0.58733124
0.7575365
0.6656511
0.7398343
0.7213529
0.7752676
0.732542
0.81017894
0.79776525
0.7890825
0.8091831
0.7799882
0.70289737
0.72577024
0.78254354
0.73315793
0.76946884
0.7584977
0.5934381
0.69328123
0.61857635
0.6710184
0.5949837
0.70770335
0.7419492
0.6769403
0.8294801
0.7531738
0.761269
0.7013625
0.67071104
0.7772784
0.8135807
0.7596998
0.73856205
0.70994204
0.78895026
0.8333872
0.76563436
0.84198284
0.6521192
0.5889347
0.7816713
0.94648343
0.8378283
0.6832404
0.6825933
0.60304445
0.7269098
0.760341
0.76362866
0.6927985
0.70527405
0.72181374
0.6980335
0.6298841
0.60948175
0.7165977
0.7444742
0.6744134
0.68163234
0.8192235
0.8672756
0.76661074
0.74202275
0.8862068
0.8688318
0.76118755
0.82775146
0.7721305
0.82176507
0.63217366
0.73415935
0.7230737
0.72989684
0.8448551
0.737941
0.74203956
0.8948724
0.9411496
0.7174736
0.7133322
0.7175412
0.67512774
0.5965913
0.65193903
0.70085615
0.66661423
0.6707191
0.741954
0.6637696
0.69553334
0.69289464
0.7180763
1.0298761
0.7505145
0.8307897
0.8330524
0.80957806
0.7901302
0.84081304
0.97149557
0.86293334
0.9016055
0.8328476
0.80824393
0.80993646
0.88169163
0.8550554
0.7996654
0.8308756
1.0666739
0.6674885
0.6565492
0.69198495
0.7543887
0.7393093
0.7941325
0.79451555
0.8585668
0.8188741
0.9368645
0.7644351
0.7425905
0.8951203
0.94573194
0.7694535
0.9610014
0.74558294
0.83219635
0.7059263
0.7895812
0.78042734
0.6193703
0.79247993
0.6248048
0.65553
0.6320786
0.66236854
0.5351983
0.576236
0.64314276
0.6707255
0.6575737
0.536383
0.73584837
0.7492428
0.57805
0.5489819
0.59324056
0.5895317
0.48386475
0.53230613
0.5267038
0.6239717
0.46106943
0.4829258
0.47243506
0.33835956
0.57822204
0.7433696
0.6402098
0.47157142
0.5620426
0.7203843
0.7369028
0.546706
0.70964366
0.23908268
0.3166618
0.23908268
